91,63,"[[39.56705436815338, 31.180681794566844], [92.14199269509294, 51.25063082330006], [61.57488775939521, 16.578416137295406], [86.84455754732814, 91.10728934046463], [3.6772498846243895, 55.501812686930165], [91.75458850898872, 73.61763696332382], [40.71442297265053, 63.965252243381975], [29.240603435273137, 51.68919970127271], [97.51050653275972, 19.796694168330685], [44.94821893507292, 58.90367873317048], [61.17362158045848, 46.58536916084059], [51.94055194608435, 69.50445587477807], [66.87725389717076, 21.38402960072159], [17.959281043444943, 8.045426933964993], [38.112721699685835, 41.62618264169736], [29.827924966948306, 91.39607305979892], [18.641145057347906, 19.633008961541332], [7.754136542157875, 81.31944287095574], [72.1423919906348, 32.831159351237794], [21.829288803898606, 58.471958782294486], [22.844643723401724, 6.237547536686916], [87.88185293616904, 84.67034248448422], [72.56902724170907, 56.2425270940078], [99.96036302997278, 58.58199885900904], [11.415393025652032, 47.38636376858394], [89.49273035852576, 61.29107613790108], [40.28645083842359, 70.71738135463166], [80.19995301777925, 64.86446164930084], [94.47140045321034, 37.09215677886631], [83.63676780180728, 49.02484007143465], [58.01288128642557, 42.51648971875161], [53.6852329205833, 77.71407205317121], [98.57161006287608, 55.077979007642284], [98.04270486635819, 45.1358252716931], [97.781818882284, 43.343451347001064], [1.0369459064477615, 33.753121317243874], [45.13304119301734, 92.93233702332377], [50.67266531764064, 96.77489725540478], [98.17922514156483, 35.26674211746615], [98.6261818844997, 88.32553355662152], [23.646549522491767, 81.10097013569909], [0.8167787718855846, 68.69968887234414], [52.26356458766721, 16.32786821046157], [8.110158170040316, 64.51308279554351], [47.296514943127754, 41.37672536674053], [68.20094762485044, 82.43339329089976], [90.2497463475206, 23.467339976489964], [40.964257895216015, 1.4366971727353683], [81.28985308619755, 12.92060283979981], [73.44386215274513, 48.6002542093131], [35.058085096622825, 19.96434747796404], [88.68211179282055, 9.640296014253046], [10.571697925323376, 72.46213742452177], [47.218996823465396, 66.29277179107518], [20.48486095831943, 93.71249500042317], [65.080710936775, 80.07772475751467], [1.7497478019274149, 18.49455380981002], [69.27483933303282, 4.236103541992997], [0.008282423606953415, 6.607144804416132], [24.105594105107553, 77.62704737886793], [83.16066684028054, 6.99743160103753], [4.640763886279952, 0.6234126242062432], [73.34490048766106, 54.52978683905467]]","[[0.0, 56.27545640949923, 26.411567407145448, 76.33060067113931, 43.354301675259485, 67.26391219439992, 32.80464165675199, 22.961596103033834, 59.05115429038049, 28.240423002393165, 26.535789785730742, 40.27176556921901, 29.014158483780196, 31.65652990327561, 10.546258647405548, 60.99790149438262, 23.900678407581875, 59.37977014841631, 32.61712276372226, 32.54907259559533, 30.029967771849616, 72.07956410377646, 41.43942933197821, 66.31880508564582, 32.48292112150426, 58.302735532792454, 39.543243966375165, 52.77906287509235, 55.221669256893236, 47.54527975240323, 21.65061366319359, 48.62796905689017, 63.66017912967019, 60.11778215017068, 59.471772889508706, 38.61588666816586, 62.00199297462802, 66.52770623194672, 58.75442495449955, 82.17977017429082, 52.39749672076442, 53.93755417970869, 19.53989363119465, 45.83214237747097, 12.794681133414288, 58.708945474793346, 51.26627456991495, 29.776782883310005, 45.54363200603082, 38.09303884946389, 12.088712065121266, 53.63093403431548, 50.44689558510712, 35.936208582185, 65.37857269887756, 55.15312758150652, 39.888425879815664, 40.106891985400615, 46.56989540429459, 48.9522382476664, 49.85210766149047, 46.40681486564309, 41.06243532538794], [56.27545640949923, 0.0, 46.22240122908321, 40.20716412902856, 88.56682938753089, 22.370360874855635, 52.97599952254493, 62.90291816343738, 31.908793018853686, 47.81026483949577, 31.317801261789434, 44.15153414442147, 39.11931613814025, 85.84733164816811, 54.87979707593218, 74.12624075988114, 80.0128028234243, 89.5848409277245, 27.1893537556132, 70.68255729656454, 82.63352976529517, 33.6901457147673, 20.19950506861157, 10.71801623288305, 80.81903522104393, 10.384080751007621, 55.38909276651754, 18.109353975597898, 14.348816249798505, 8.791643473006374, 35.228986167350776, 46.6822888693473, 7.482551277491275, 8.497602665580521, 9.712421257962923, 92.77010504077137, 62.826794865483876, 61.58054844932425, 17.08604324509386, 37.637655640717945, 74.71725699245383, 92.97722476455455, 53.008380250973445, 85.0719803810978, 45.91961327980758, 39.31333506796552, 27.84765423726642, 71.41840466567, 39.83666626748363, 18.88503592727981, 65.09534570363171, 41.75393081829421, 84.28310032931138, 47.37448219217477, 83.29318362349805, 39.538769772150275, 96.14425889328858, 52.28070847232986, 102.37998540881125, 72.97031508365713, 45.15539674851255, 101.09193966697295, 19.080973235932063], [26.411567407145448, 46.22240122908321, 0.0, 78.69630964743675, 69.76508632860865, 64.53128737113067, 51.775198959194014, 47.73125878530364, 36.07944026879619, 45.47388228426811, 30.009635857564252, 53.79578151544263, 7.156046912848727, 44.44246903519874, 34.32002102377589, 81.27454357865349, 43.042267595092326, 84.19069903567897, 19.38617568412133, 57.74756749577881, 40.08697252852427, 72.99703316219761, 41.15960156443408, 56.90119219496163, 58.865138657754194, 52.71269201738412, 58.174093042712165, 51.75360129562505, 38.768467889819654, 39.23642411229219, 26.181511629974953, 61.6426400938502, 53.39451097639785, 46.31875755043828, 45.0256479255368, 62.92704427993575, 78.10413275353737, 80.93413394790093, 41.09903944289726, 80.74928640135201, 74.84463117612292, 80.05107669019469, 9.314693418035802, 71.80675161640585, 28.615172040711354, 66.1874813332729, 29.49075764898575, 25.57478673615701, 20.05142029773338, 34.150705214687996, 26.732103443240952, 27.981049044667316, 75.65920749095093, 51.74561587839898, 87.39597487628558, 63.596013958399205, 59.855818050634305, 14.547231160482902, 62.368847548809256, 71.63018458318216, 23.616543422202987, 59.12746061097094, 39.73461636615977], [76.33060067113931, 40.20716412902856, 78.69630964743675, 0.0, 90.4685085075918, 18.165801504962364, 53.52270073209383, 69.79972292313994, 72.10383798081627, 52.84293448758287, 51.39259022364933, 41.04841069710063, 72.52603783327241, 107.90947273271573, 69.44905863448652, 57.017363906467864, 98.7941204270949, 79.6937678447051, 60.1020881382476, 72.74647737465644, 106.29610549455658, 6.519989766128983, 37.67416106575713, 35.07019923470121, 87.18416251418608, 29.933582962597235, 50.827213655565245, 27.070958139345844, 54.55092371681753, 42.204531172990784, 56.500720029845276, 35.761978119316915, 37.88977386790845, 47.31568462999401, 49.000080667024974, 103.2106913316057, 41.75142387536797, 36.61321574177306, 56.97930680199403, 12.105570505481264, 63.985268947898795, 88.89813991178555, 82.3881478042471, 83.1044972733497, 63.53878081115748, 20.56260352241821, 67.7256086035852, 100.72644635784005, 78.38375270171585, 44.56934678340428, 87.99520956130964, 81.4877144557272, 78.51872900707596, 46.754094407757385, 66.41081559441936, 24.399104782289637, 111.8648112985077, 88.630118583709, 121.16440526811364, 64.17082247523, 84.19049364202668, 122.24890853447826, 38.98915785150111], [43.354301675259485, 88.56682938753089, 69.76508632860865, 90.4685085075918, 0.0, 89.92108022240454, 37.99186754396421, 25.8461034303794, 100.39689009935552, 41.41093549969191, 58.18363793489933, 50.25356049198811, 71.82105283204541, 49.558903970485034, 37.12593201898181, 44.41008596002234, 38.865013050695424, 26.137540686481636, 72.12096925487997, 18.39343047815317, 52.86167616869778, 89.11351359709145, 68.89575926899259, 96.33236955361696, 11.213356786320503, 86.01053575156531, 39.645266102741594, 77.09334141414244, 92.64174657315334, 80.22141659064724, 55.8657269926769, 54.71912676092261, 94.89530667334111, 94.93309638372955, 94.88675174494888, 21.908372403970183, 55.853619265920294, 62.54627552075535, 96.64409660405839, 100.46241257131126, 32.46674899206558, 13.504304158020528, 62.41176092907938, 10.042592535660178, 45.849300714917725, 69.91864990043904, 92.30928764568664, 65.67615763688639, 88.5261295198779, 70.10714440618918, 47.409579750099866, 96.58729346839438, 18.308086437158302, 44.85898488456243, 41.743886173513886, 66.13894830796812, 37.05742130635898, 83.25392888972411, 49.03213099153813, 30.11383831005065, 93.11438425652713, 54.88685774095437, 69.67443128433653], [67.26391219439992, 22.370360874855635, 64.53128737113067, 18.165801504962364, 89.92108022240454, 0.0, 51.94484602690214, 66.248431608246, 54.127853048484155, 49.06461861146673, 40.81591651340236, 40.02593866606324, 57.85526350729767, 98.71910722888698, 62.457209547014685, 64.42813397488341, 90.88407821971414, 84.35279334361542, 45.25676754117253, 71.54676167661248, 96.3776786475698, 11.711549007474316, 25.88397581731493, 17.129073200064084, 84.51311155274584, 12.53236227036476, 51.54978833974001, 14.49578143504995, 36.626380790974466, 25.897966561096204, 45.888823979502156, 38.289118759274, 19.75324530247702, 29.16768767937098, 30.86833038413864, 99.09021287220503, 50.46410915237799, 47.15912549374737, 38.88530688240317, 16.233946461581812, 68.51791918874187, 91.07069481017008, 69.58202766599159, 84.13847891019445, 54.918090696656634, 25.14938485383182, 50.17286953920982, 88.2595363284268, 61.59253720103806, 31.002453766660256, 78.0587533322704, 64.05107546392209, 81.19111344663004, 45.133940405987985, 74.04847996196685, 27.445008271926234, 105.54347752017969, 72.93240913962143, 113.61245855843269, 67.76770481384638, 67.17222083689872, 113.65287161909058, 26.519099445667013], [32.80464165675199, 52.97599952254493, 51.775198959194014, 53.52270073209383, 37.99186754396421, 51.94484602690214, 0.0, 16.80327351419748, 71.94898630415918, 6.5988297940391565, 26.8447228265918, 12.518336494847945, 49.976536932132916, 60.37237238053514, 22.490061809222663, 29.51212919276635, 49.52350343348592, 37.249810924597824, 44.23854627824068, 19.66785615214297, 60.43026477784344, 51.51181622944012, 32.777374770885764, 59.4900061378059, 33.664412944456735, 48.851555648454585, 6.765678656473432, 39.495767627689624, 60.099716203076916, 45.44825190808455, 27.55514605062729, 18.90163899950067, 58.535781566150256, 60.34135584295877, 60.679043731067715, 49.87058292658265, 29.302153293328, 34.2875982888348, 64.23245263696343, 62.82670710712372, 24.18563895777226, 40.17756716084849, 49.01737477205047, 32.60886691733721, 23.527972313069682, 33.11466852026462, 63.98303806345735, 62.5290541805281, 65.20676162511032, 36.156594884342354, 44.36297756399095, 72.47137393512999, 31.31742216499048, 6.908460626333373, 35.974068868255756, 29.211774332780934, 59.881802972161836, 66.20625791623499, 70.334503391852, 21.50576301076799, 71.0423550229625, 72.89374133779297, 33.9672794061265], [22.961596103033834, 62.90291816343738, 47.73125878530364, 69.79972292313994, 25.8461034303794, 66.248431608246, 16.80327351419748, 0.0, 75.35191821121043, 17.28519286531808, 32.33831680910718, 28.856039487793556, 48.32101812683997, 45.078233508787314, 13.415617572032602, 39.7112167843244, 33.7631142320641, 36.600813786628926, 46.86351616228243, 10.046561865454745, 45.89946606580929, 67.27965459418552, 43.567018487561846, 71.05487370589721, 18.337189621392433, 61.01241537490564, 22.00187359946674, 52.6349963168159, 66.8440763394476, 54.461376314119256, 30.199049342112726, 35.70481608420223, 69.41377604758294, 69.11349996742737, 69.04744550341012, 33.4237820391603, 44.199162368186734, 49.92047075571604, 70.86769839535582, 78.46387356672082, 29.939032704255858, 33.125074344582785, 42.19574036591464, 24.71735614345767, 20.793341897825414, 49.62976787016835, 67.2204499033765, 51.60191938558865, 64.90091287363886, 44.31105579306434, 32.253826772507374, 72.81073558961367, 27.92924944557974, 23.16218786303774, 42.925754205631996, 45.721129257577275, 43.10025126740049, 62.08491265210346, 53.7300685412953, 26.4412606160716, 70.033758813341, 56.68215517812019, 44.1956779987886], [59.05115429038049, 31.908793018853686, 36.07944026879619, 72.10383798081627, 100.39689009935552, 54.127853048484155, 71.94898630415918, 75.35191821121043, 0.0, 65.51450464787592, 45.144239011097554, 67.43502305847173, 30.674350862092282, 80.41448724244458, 63.28209391356287, 98.52615340637603, 78.86953133109195, 108.81752874337921, 28.520843571444153, 84.99072190470794, 75.88703134557502, 65.58430617099727, 44.1630629244879, 38.8625997175394, 90.40773439508865, 42.26190329146006, 76.59966666790136, 48.27793418026286, 17.56044397716612, 32.35375000379188, 45.56590293138916, 72.62972716620612, 35.29723786097524, 25.344719373859192, 23.54832019534025, 97.47784239857596, 89.95677368174681, 90.10786380892364, 15.484494442064058, 68.53792059434427, 95.99009530726582, 108.35672512269282, 45.37971472925494, 99.95988044828542, 54.654759151312454, 69.15494429429792, 8.135863759706828, 59.452230611283056, 17.617895169167245, 37.53462991356871, 62.45264646809679, 13.45707907193598, 101.64647242010679, 68.4917599652712, 106.75437081828947, 68.45067049555823, 95.7696114757597, 32.23949259610334, 98.39028365979331, 93.44854691736398, 19.228599051058367, 94.82828599312361, 42.312695990683565], [28.240423002393165, 47.81026483949577, 45.47388228426811, 52.84293448758287, 41.41093549969191, 49.06461861146673, 6.5988297940391565, 17.28519286531808, 65.51450464787592, 0.0, 20.37165780501525, 12.69918095559356, 43.45810218349372, 57.57572878035971, 18.58052457940446, 35.83823347710685, 47.26782880903701, 43.42656153705671, 37.67358909232174, 23.122960721458313, 57.11645482996318, 50.07212687127782, 27.748707709703496, 55.01308458775481, 35.45559134276311, 44.608442747110495, 12.700222494714657, 35.75214243665784, 54.11365814322184, 39.92987937269907, 20.957704219430664, 20.740451061539908, 53.75968800537503, 54.85050797617251, 55.07730893654154, 50.60385792927536, 34.029160205550916, 38.30141614543404, 58.24298064428368, 61.21249257833129, 30.764929146215596, 45.205595068794054, 43.19969818971587, 37.26269092353908, 17.683568317804426, 33.08076266788025, 57.51488929293845, 57.604912249169224, 58.61021789235794, 30.301192044335377, 40.17569247623683, 65.87514145262598, 36.953714276359705, 7.73014414075104, 42.54538251592227, 29.217417052841007, 59.15239036009413, 59.8358440842066, 68.9530663177204, 28.017486383424462, 64.45502048909974, 70.86099315026675, 28.73155849411082], [26.535789785730742, 31.317801261789434, 30.009635857564252, 51.39259022364933, 58.18363793489933, 40.81591651340236, 26.8447228265918, 32.33831680910718, 45.144239011097554, 20.37165780501525, 0.0, 24.708988459145537, 25.838710053496552, 57.90342282542441, 23.58810365931674, 54.685938595825, 50.35316553605863, 63.71889247512809, 17.59239073570541, 41.10069992666231, 55.65121070903373, 46.516607950417104, 14.937066965458653, 40.59963591445677, 49.76467523529105, 31.90971230956451, 31.915950779010153, 26.384209485305117, 34.62460337950385, 22.59521977068007, 5.152286785552375, 32.016747312622805, 38.35014947221239, 36.897567397176395, 36.751464471515625, 61.49053866929973, 49.044282533359684, 51.27629874307097, 38.697881247799266, 56.07972536589906, 50.98634962320286, 64.28056946015157, 31.54212230299312, 56.010124667569706, 14.822417441081114, 36.53031816674328, 37.146524801631855, 49.46535113442453, 39.217078695930056, 12.434571382253084, 37.29209086761876, 46.06143141034942, 56.834512519879844, 24.14773841457335, 62.261876223461066, 33.719478505046716, 65.7289181558048, 43.117166274354496, 73.07158912234826, 48.34898600286178, 45.28393710242441, 72.85921662868539, 14.534572662546186], [40.27176556921901, 44.15153414442147, 53.79578151544263, 41.04841069710063, 50.25356049198811, 40.02593866606324, 12.518336494847945, 28.856039487793556, 67.43502305847173, 12.69918095559356, 24.708988459145537, 0.0, 50.38532018328845, 70.22776523930025, 31.11923854758529, 31.11609189621851, 59.96675509281304, 45.738749698348755, 41.86938044787759, 32.06874116820946, 69.63672569817739, 39.010014528558266, 24.52371807064382, 49.246343253013784, 46.168154651711845, 38.43989737527889, 11.717050006177224, 28.63779487571229, 53.47364030453644, 37.73678262683685, 27.66267342207544, 8.392955945274162, 48.811666800977115, 52.14631972971749, 52.780866914235894, 62.20397921743645, 24.396881312239596, 27.299899442979342, 57.53464992685774, 50.33667656741603, 30.578255609992, 51.13010691847936, 53.17756869947478, 44.113685221019416, 28.50853035878237, 20.773971462867333, 59.89165564516852, 68.94707249630429, 63.742559579115344, 29.989631493473045, 52.33774953980398, 70.24001605764191, 41.47444952185292, 5.7103412708383505, 39.692438244916616, 16.8658765905385, 71.56204950471131, 67.53099536842242, 81.56612261004632, 28.995885410714195, 69.87004835811122, 83.55757338380263, 26.122535275481024], [29.014158483780196, 39.11931613814025, 7.156046912848727, 72.52603783327241, 71.82105283204541, 57.85526350729767, 49.976536932132916, 48.32101812683997, 30.674350862092282, 43.45810218349372, 25.838710053496552, 50.38532018328845, 0.0, 50.703909013205894, 35.1730446830301, 79.21072530595558, 48.26788030653585, 84.18905374006995, 12.59993883589914, 58.35095243457499, 46.56486527019307, 66.68096114492192, 35.32012360248811, 49.78133211188092, 61.25470915373676, 45.869730093981495, 56.04329043323651, 45.475732902168595, 31.75188472517749, 32.3248466322361, 22.91632545636972, 57.85415369825662, 46.25812836026458, 39.1846032480668, 37.91184960338995, 66.99209346038533, 74.77948302283626, 77.11272020074117, 34.24241683362098, 74.08886137755368, 73.72249851699905, 81.25735650442182, 15.463656852085617, 72.89503940381329, 27.984160197850656, 61.063712399921634, 23.46515683867134, 32.70136744526004, 16.71384479768263, 27.99720032302301, 31.850824172812867, 24.76624934057295, 76.02163331683025, 49.02287421495737, 85.92823185466237, 58.72118372246172, 65.19157246555895, 17.31472737405591, 68.48222886425042, 70.65898336489764, 21.728408572197562, 65.60780369835047, 33.77087021860691], [31.65652990327561, 85.84733164816811, 44.44246903519874, 107.90947273271573, 49.558903970485034, 98.71910722888698, 60.37237238053514, 45.078233508787314, 80.41448724244458, 57.57572878035971, 57.90342282542441, 70.22776523930025, 50.703909013205894, 0.0, 39.16412036784464, 84.19141831669609, 11.607626621289386, 73.98125699004123, 59.583068428674714, 50.574816601907315, 5.209145460612234, 103.73304074988535, 72.83669984064366, 96.32301152318905, 39.881471655580754, 89.17473594052215, 66.53026666082083, 84.27516807339647, 81.84019141752346, 77.41346503022767, 52.84453672743473, 78.2947236426153, 93.3295695077406, 88.25560843397825, 87.27879510222505, 30.777442664927797, 89.13024596165641, 94.56788257222671, 84.71268754693709, 113.80704903759548, 73.27658162914804, 63.03019019025666, 35.28998020658291, 57.320165560447265, 44.40325154872606, 89.76521932016641, 73.91716157815428, 23.93541871385343, 63.517939949081395, 68.7257794150625, 20.842978841402083, 70.74081139333988, 64.83894643461878, 65.18346531468467, 85.70428872004946, 86.07601922099198, 19.285570263162263, 51.45675336898662, 18.00852595116005, 69.85255233697978, 65.2098075755912, 15.24694053507004, 72.3074170262321], [10.546258647405548, 54.87979707593218, 34.32002102377589, 69.44905863448652, 37.12593201898181, 62.457209547014685, 22.490061809222663, 13.415617572032602, 63.28209391356287, 18.58052457940446, 23.58810365931674, 31.11923854758529, 35.1730446830301, 39.16412036784464, 0.0, 50.45473069130997, 29.374172081336148, 49.9719781517052, 35.1478433874743, 23.42926291309048, 38.541791599320725, 65.80095835628592, 37.428258265030806, 64.1297937133363, 27.311664997651242, 55.01466464497899, 29.17229749135346, 48.0765291099298, 56.54076459836562, 46.12134977719847, 19.92006521749269, 39.3044382722835, 61.9372909286768, 60.03266172466381, 59.693803450547186, 37.90248336572504, 51.78422890436559, 56.56087788595886, 60.40221286935186, 76.43761011056193, 42.041990737319026, 46.0864632890679, 28.98708449468498, 37.73544775145166, 9.187180594193102, 50.70039230905541, 55.208811851630045, 40.29051998838344, 51.848577478376434, 36.012874919173406, 21.87614928266686, 59.836110817259446, 41.344456676903974, 26.293818035693675, 54.98841159233243, 46.965876278168494, 43.09684586028614, 48.67335606342246, 51.75211400120112, 38.62980565929432, 56.81960717944141, 52.93013422399088, 37.52078655132257], [60.99790149438262, 74.12624075988114, 81.27454357865349, 57.017363906467864, 44.41008596002234, 64.42813397488341, 29.51212919276635, 39.7112167843244, 98.52615340637603, 35.83823347710685, 54.685938595825, 31.11609189621851, 79.21072530595558, 84.19141831669609, 50.45473069130997, 0.0, 72.62975570326851, 24.26500796177734, 72.2520811962525, 33.88178686886242, 85.44437188134154, 58.44222792148835, 55.3405241900594, 77.42946683478397, 47.70614053124094, 66.82963296384538, 23.17302427482592, 56.93213164805418, 84.4256729104927, 68.48877975391883, 56.42344752250815, 27.502150722078763, 77.7476571746659, 82.42127590702466, 83.22731613917362, 64.43314644541822, 15.382024888131822, 21.527539339530104, 88.44434423746071, 68.86674355401148, 12.008269925477995, 36.83439233563993, 78.34917551890925, 34.559464119006975, 52.981947674608406, 39.40581805449172, 90.91264640988742, 90.64605463603594, 93.84417654815212, 61.10509052181309, 71.62294321361418, 100.7364005077394, 27.00548460071445, 30.53891148857221, 9.62593661294015, 37.025179633949534, 78.12179940238705, 95.6708907628128, 89.87977211869811, 14.910772572020283, 99.83742803083443, 94.20227686133147, 57.03376384371061], [23.900678407581875, 80.0128028234243, 43.042267595092326, 98.7941204270949, 38.865013050695424, 90.88407821971414, 49.52350343348592, 33.7631142320641, 78.86953133109195, 47.26782880903701, 50.35316553605863, 59.96675509281304, 48.26788030653585, 11.607626621289386, 29.374172081336148, 72.62975570326851, 0.0, 62.639788336730284, 55.10512314772181, 38.96958151850815, 14.03950810464095, 94.99542293886982, 65.1803137057634, 90.1656199763098, 28.678566830808546, 82.19088575115968, 55.48091892851268, 76.38960105769824, 77.81419842103963, 71.33239594975468, 45.53885489620572, 67.83434221705147, 87.43697809033061, 83.39665065128922, 82.61616870552115, 22.567352540389336, 77.93979763363453, 83.52777513934183, 81.05997653511852, 105.4337187596384, 61.67142226969836, 52.203899384504844, 33.78447943149702, 46.09905326756864, 35.97109153751923, 80.00038938933334, 71.71118373773452, 28.799776552737885, 63.00727746560109, 61.98741080479728, 16.420283355216903, 70.75020376851566, 53.441863657385944, 54.71587593079848, 74.102426006902, 76.22464789505845, 16.92971888050509, 52.922922184078644, 22.734482773261828, 58.25091154090135, 65.74516336835428, 23.608799754405513, 64.88671639412817], [59.37977014841631, 89.5848409277245, 84.19069903567897, 79.6937678447051, 26.137540686481636, 84.35279334361542, 37.249810924597824, 36.600813786628926, 108.81752874337921, 43.42656153705671, 63.71889247512809, 45.738749698348755, 84.18905374006995, 73.98125699004123, 49.9719781517052, 24.26500796177734, 62.639788336730284, 0.0, 80.60372868786449, 26.83500401290848, 76.5833821006442, 80.19775222996608, 69.49691907760305, 94.96830820499346, 34.130025731102954, 84.15659922472453, 34.21629994413386, 74.29106764493582, 97.34442303126896, 82.46887350307846, 63.49496512796589, 46.0723812414546, 94.53268176866632, 97.26910996099151, 97.70956718644359, 48.03827220235534, 39.14130584806985, 45.616566973871755, 101.47683427709526, 91.1417244262824, 15.89391457991189, 14.40087232837757, 78.77178404599556, 16.810130587949942, 56.20516320790315, 60.457074487646345, 100.75907624859664, 86.51106993079785, 100.42859615295342, 73.38722884446861, 67.15618614355627, 108.1075264367686, 9.294649639407305, 42.22885317843764, 17.766797270300277, 57.34002089025448, 63.11116675905361, 98.62371963167472, 75.1127535003832, 16.76317239972597, 105.8768443561081, 80.75606718308339, 70.850786765302], [32.61712276372226, 27.1893537556132, 19.38617568412133, 60.1020881382476, 72.12096925487997, 45.25676754117253, 44.23854627824068, 46.86351616228243, 28.520843571444153, 37.67358909232174, 17.59239073570541, 41.86938044787759, 12.59993883589914, 59.583068428674714, 35.1478433874743, 72.2520811962525, 55.10512314772181, 80.60372868786449, 0.0, 56.469982714207035, 56.01328568797319, 54.175931360506006, 23.415254797346773, 37.907060662895496, 62.44695652250598, 33.33168320058421, 49.499159633104775, 33.03114811545684, 22.731931682108023, 19.8583979856418, 17.130344335951005, 48.52981118391622, 34.54597737414112, 28.674570798433532, 27.710801041045574, 71.11142296915449, 65.8912481903356, 67.45184045354047, 26.15050179137137, 61.4899723173587, 68.42383626969948, 79.83667397278704, 25.83653222462717, 71.44138325358863, 26.274403985345756, 49.7585831339029, 20.385224921220118, 44.24577156236893, 21.91132823655379, 15.822710805226787, 39.25303383932869, 28.484705956873043, 73.22270679734048, 41.72355610123332, 79.84383221503961, 47.77138559845257, 71.83775201332833, 28.73847725572712, 76.7530370863583, 65.68261212283637, 28.085296333380622, 74.79176923947742, 21.731922637918224], [32.54907259559533, 70.68255729656454, 57.74756749577881, 72.74647737465644, 18.39343047815317, 71.54676167661248, 19.66785615214297, 10.046561865454745, 84.99072190470794, 23.122960721458313, 41.10069992666231, 32.06874116820946, 58.35095243457499, 50.574816601907315, 23.42926291309048, 33.88178686886242, 38.96958151850815, 26.83500401290848, 56.469982714207035, 0.0, 52.24427876607939, 71.05840229736987, 50.78869384410429, 78.13115171644915, 15.2098534538695, 67.72214368787456, 22.14988045890576, 58.719660537798504, 75.72299728997038, 62.525294977424934, 39.54528237323961, 37.216395562904644, 76.81733509388916, 77.37142395563208, 77.44455153545513, 32.30081189055105, 41.600270959792574, 47.948466757429884, 79.79846401546405, 82.39538041443593, 22.701863169173055, 23.36946812917134, 51.9843198725283, 14.990321033664454, 30.67289703889916, 52.19656200859344, 76.85494355094059, 60.15952218058684, 74.90316904490257, 52.55011639530096, 40.716546755831246, 82.7878688593918, 17.957128134276168, 26.56694166510642, 35.26617188146749, 48.34764358158785, 44.736795539956454, 72.05975477795887, 56.26824369401141, 19.289867417037627, 80.06975009562322, 60.34815391913876, 51.66622655838406], [30.029967771849616, 82.63352976529517, 40.08697252852427, 106.29610549455658, 52.86167616869778, 96.3776786475698, 60.43026477784344, 45.89946606580929, 75.88703134557502, 57.11645482996318, 55.65121070903373, 69.63672569817739, 46.56486527019307, 5.209145460612234, 38.541791599320725, 85.44437188134154, 14.03950810464095, 76.5833821006442, 56.01328568797319, 52.24427876607939, 0.0, 101.88985182788562, 70.51958803625979, 93.20287414240404, 42.70659022678401, 86.44569661682242, 66.79719758064253, 82.01674562320501, 77.98973772951648, 74.3399942992891, 50.526889664206266, 77.84622983153965, 90.11082719212476, 84.66300496916878, 83.62074095804992, 35.10957824510075, 89.51401670071479, 94.7175299505791, 80.73409004539897, 111.7196445343026, 74.8677173162699, 66.23251417965237, 31.101245571801773, 60.109425835125506, 42.80952960169263, 88.67356547359742, 69.57236238109708, 18.744828138781827, 58.82606331929328, 65.99151325959552, 18.373709119417196, 65.92534337410251, 67.35221974348349, 64.81310862234157, 87.50677121504253, 85.06619273046041, 24.39731207976019, 46.47331322826577, 22.839351995078083, 71.40063503626482, 60.320809580335656, 19.04992787230185, 69.87428933515729], [72.07956410377646, 33.6901457147673, 72.99703316219761, 6.519989766128983, 89.11351359709145, 11.711549007474316, 51.51181622944012, 67.27965459418552, 65.58430617099727, 50.07212687127782, 46.516607950417104, 39.010014528558266, 66.68096114492192, 103.73304074988535, 65.80095835628592, 58.44222792148835, 94.99542293886982, 80.19775222996608, 54.175931360506006, 71.05840229736987, 101.88985182788562, 0.0, 32.289678205642154, 28.7487752644698, 85.07182001188413, 23.434696946500797, 49.59846192310048, 21.24345786386109, 48.03234214066195, 35.89738973904233, 51.663360037924775, 34.89697005191022, 31.463929881270595, 40.81936995098903, 42.49613225722572, 100.67075686809254, 43.53988354613778, 39.12855593339809, 50.46535052449835, 11.349053983648526, 64.33439689319744, 88.51773221242817, 77.06721906733412, 82.27902772898936, 59.342286298618376, 19.8076241777697, 61.24879129583761, 95.54632612669559, 72.05192295214627, 38.852372463478616, 83.52973266178991, 75.0343140673832, 78.2681310533673, 44.622897393980224, 68.00084594903085, 23.25906735152133, 108.6184815838041, 82.55838993999984, 117.53989631892487, 64.16400234112072, 77.81626233159662, 118.29186499988091, 33.46305546577325], [41.43942933197821, 20.19950506861157, 41.15960156443408, 37.67416106575713, 68.89575926899259, 25.88397581731493, 32.777374770885764, 43.567018487561846, 44.1630629244879, 27.748707709703496, 14.937066965458653, 24.52371807064382, 35.32012360248811, 72.83669984064366, 37.428258265030806, 55.3405241900594, 65.1803137057634, 69.49691907760305, 23.415254797346773, 50.78869384410429, 70.51958803625979, 32.289678205642154, 0.0, 27.49106044525483, 61.79157391326009, 17.660678770498798, 35.379176715976094, 11.513851817513048, 29.09382469705454, 13.21324665104924, 20.007135904432847, 28.594141548505302, 26.028647402758125, 27.78969372077278, 28.320858345715134, 74.98407852568691, 45.813485821462436, 46.068684552636164, 33.103863699753944, 41.331520801422485, 54.87577805046889, 72.82558643805713, 44.78271773111301, 64.98729024671468, 29.320503728216643, 26.552619299849002, 37.24004187278682, 63.265633947700756, 44.19097107438614, 7.692182457905383, 52.18406937817269, 49.30922261973035, 64.08388722321776, 27.269606903598927, 64.16197372543631, 24.983825342432752, 80.25135405358834, 52.110649244173004, 87.91321211053344, 52.97170998938433, 50.371244371146794, 87.79370624873643, 1.8802814881610117], [66.31880508564582, 10.71801623288305, 56.90119219496163, 35.07019923470121, 96.33236955361696, 17.129073200064084, 59.4900061378059, 71.05487370589721, 38.8625997175394, 55.01308458775481, 40.59963591445677, 49.246343253013784, 49.78133211188092, 96.32301152318905, 64.1297937133363, 77.42946683478397, 90.1656199763098, 94.96830820499346, 37.907060662895496, 78.13115171644915, 93.20287414240404, 28.7487752644698, 27.49106044525483, 0.0, 89.24995214645226, 10.812512818367162, 60.895347150334786, 20.735070353422948, 22.179766067264364, 18.915576789088348, 44.91872447611265, 50.07418388099504, 3.769189557768647, 13.582230927675706, 15.393485144019644, 101.99174287842568, 64.6991572728414, 62.35362566603196, 23.383191593569588, 29.773442791135416, 79.56696676017619, 99.65850666524346, 63.721237735235825, 92.0415009084151, 55.403089546143974, 39.718377147370326, 36.4326137518185, 82.13480337765779, 49.331035139997475, 28.333020400651755, 75.52237204382375, 50.224388779881856, 90.45988998329038, 53.30204244246934, 86.89365447881272, 40.97140908055521, 106.07699182218417, 62.410557619392655, 112.65790638715814, 78.20907774528784, 54.2512430388295, 111.55726645652159, 26.922170577348716], [32.48292112150426, 80.81903522104393, 58.865138657754194, 87.18416251418608, 11.213356786320503, 84.51311155274584, 33.664412944456735, 18.337189621392433, 90.40773439508865, 35.45559134276311, 49.76467523529105, 46.168154651711845, 61.25470915373676, 39.881471655580754, 27.311664997651242, 47.70614053124094, 28.678566830808546, 34.130025731102954, 62.44695652250598, 15.2098534538695, 42.70659022678401, 85.07182001188413, 61.79157391326009, 89.24995214645226, 0.0, 79.30581082786304, 37.119730074838444, 70.97041354563511, 83.69152327060233, 72.23995832745806, 46.851270905645215, 52.024121852638196, 87.49495478726425, 86.65654089722793, 86.46100078126378, 17.13410237926517, 56.66846987222885, 63.090099601967346, 87.60620864073815, 96.34177347504185, 35.86468836808297, 23.803118515831407, 51.314747064501184, 17.44273723012445, 36.38091070572131, 66.73000441687847, 82.38309876937117, 54.630644105203395, 77.91231510584751, 62.04034584246638, 36.2069588036025, 85.9936710459511, 25.08996305031445, 40.488891182937046, 47.205568352592394, 62.838614162077754, 30.465741092000673, 72.17797783686653, 42.3446203385369, 32.795428776802304, 82.33255830089749, 47.251129083943425, 62.340134645754226], [58.302735532792454, 10.384080751007621, 52.71269201738412, 29.933582962597235, 86.01053575156531, 12.53236227036476, 48.851555648454585, 61.01241537490564, 42.26190329146006, 44.608442747110495, 31.90971230956451, 38.43989737527889, 45.869730093981495, 89.17473594052215, 55.01466464497899, 66.82963296384538, 82.19088575115968, 84.15659922472453, 33.33168320058421, 67.72214368787456, 86.44569661682242, 23.434696946500797, 17.660678770498798, 10.812512818367162, 79.30581082786304, 0.0, 50.10102967254654, 9.956143566550931, 24.70576560353421, 13.592381862792504, 36.653321715941644, 39.39405624711976, 11.001301406474333, 18.278243751375516, 19.769325334710572, 92.64321215683879, 54.48808505792716, 52.593716458124085, 27.435764119538053, 28.535623783298036, 68.76155489003781, 88.98489721545508, 58.37551585314022, 81.44632823470887, 46.65942522170087, 30.005625915418207, 37.831310979341346, 77.05555996115973, 49.061083178291184, 20.460281814032918, 68.3449274381155, 51.65714074395233, 79.70772842448854, 42.568597656021836, 76.24456990642047, 30.803974720882458, 97.62363090618132, 60.53125651627042, 104.87039033160166, 67.39689565409354, 54.66163979880576, 104.30925946634855, 17.506211541081214], [39.543243966375165, 55.38909276651754, 58.174093042712165, 50.827213655565245, 39.645266102741594, 51.54978833974001, 6.765678656473432, 22.00187359946674, 76.59966666790136, 12.700222494714657, 31.915950779010153, 11.717050006177224, 56.04329043323651, 66.53026666082083, 29.17229749135346, 23.17302427482592, 55.48091892851268, 34.21629994413386, 49.499159633104775, 22.14988045890576, 66.79719758064253, 49.59846192310048, 35.379176715976094, 60.895347150334786, 37.119730074838444, 50.10102967254654, 0.0, 40.34035603832072, 63.77040451908418, 48.47490410665129, 33.309407462254576, 15.115589370455723, 60.346919487168485, 63.168036940875744, 63.67926970813675, 53.91549088635676, 22.737495320003852, 28.051160156530823, 67.88461636363652, 60.93907812312997, 19.61390404224154, 39.52121071011274, 55.69264218747545, 32.76899648283052, 30.16645641357024, 30.273487848779695, 68.76697832801332, 69.28399976270056, 70.86428298222796, 39.85700990076005, 51.02162537607173, 77.9265702625801, 29.76593211088838, 8.224193797852447, 30.34597524158205, 26.502289758520803, 64.90224339496497, 72.52645701477243, 75.71296640191112, 17.594419831031203, 76.8012395367057, 78.63701069262538, 36.80895691828155], [52.77906287509235, 18.109353975597898, 51.75360129562505, 27.070958139345844, 77.09334141414244, 14.49578143504995, 39.495767627689624, 52.6349963168159, 48.27793418026286, 35.75214243665784, 26.384209485305117, 28.63779487571229, 45.475732902168595, 84.27516807339647, 48.0765291099298, 56.93213164805418, 76.38960105769824, 74.29106764493582, 33.03114811545684, 58.719660537798504, 82.01674562320501, 21.24345786386109, 11.513851817513048, 20.735070353422948, 70.97041354563511, 9.956143566550931, 40.34035603832072, 0.0, 31.224591746228384, 16.20818643740618, 31.491236898871563, 29.46426427664367, 20.815691799172562, 26.600430200465453, 27.789852315352995, 85.05702317954582, 44.91652182590845, 43.47570148368009, 34.63061113503892, 29.831992982186655, 58.83801198825192, 79.4757656220202, 56.00216693276496, 72.09065118507361, 40.426600064951366, 21.275419841843554, 42.59953085145447, 74.58231075962578, 51.95529184000909, 17.61162137418216, 63.66952561477281, 55.871777200767504, 70.04154898633729, 33.011869703976856, 66.31818188021462, 21.448423147256065, 91.12959481667927, 61.60483678910767, 99.11921609178275, 57.52791232374229, 57.942721656350926, 99.1771316486532, 12.401501869701763], [55.221669256893236, 14.348816249798505, 38.768467889819654, 54.55092371681753, 92.64174657315334, 36.626380790974466, 60.099716203076916, 66.8440763394476, 17.56044397716612, 54.11365814322184, 34.62460337950385, 53.47364030453644, 31.75188472517749, 81.84019141752346, 56.54076459836562, 84.4256729104927, 77.81419842103963, 97.34442303126896, 22.731931682108023, 75.72299728997038, 77.98973772951648, 48.03234214066195, 29.09382469705454, 22.179766067264364, 83.69152327060233, 24.70576560353421, 63.77040451908418, 31.224591746228384, 0.0, 16.11763615582598, 36.859829186765594, 57.56432456437168, 18.447263214046878, 8.800841893470405, 7.073722778929183, 93.49409849966476, 74.51442426954239, 74.0294448869207, 4.132808077521354, 51.40156714335871, 83.38426207885423, 98.84444469626149, 47.0388891047037, 90.60999587410032, 47.36905478129786, 52.40195053857477, 14.263870312310184, 64.29872552738478, 27.532112356628264, 23.970683624923744, 61.8328706523431, 28.055668279922166, 91.05051133926685, 55.546967206856316, 93.16582381298706, 52.072753765270576, 94.56836525276205, 41.40515579716003, 99.2603476870656, 81.2060592503589, 32.15004165458735, 96.95108336804691, 27.393428827190256], [47.54527975240323, 8.791643473006374, 39.23642411229219, 42.204531172990784, 80.22141659064724, 25.897966561096204, 45.44825190808455, 54.461376314119256, 32.35375000379188, 39.92987937269907, 22.59521977068007, 37.73678262683685, 32.3248466322361, 77.41346503022767, 46.12134977719847, 68.48877975391883, 71.33239594975468, 82.46887350307846, 19.8583979856418, 62.525294977424934, 74.3399942992891, 35.89738973904233, 13.21324665104924, 18.915576789088348, 72.23995832745806, 13.592381862792504, 48.47490410665129, 16.20818643740618, 16.11763615582598, 0.0, 26.437514718037136, 41.474889673669686, 16.11490007241867, 14.921643971775046, 15.243380461938772, 83.99973792133055, 58.39867508209917, 58.02327131125113, 20.01919890479288, 42.06218067289222, 68.02723284905487, 85.12490974006963, 45.314124164469895, 77.09834255773741, 37.13633848899113, 36.8021191340007, 26.399191206344984, 63.9184984669943, 36.18043607753385, 10.201744886292573, 56.60742568909266, 39.7063950337944, 76.73207506168787, 40.304286483017265, 77.3637501742316, 36.17469963531549, 87.39326303369998, 47.03504979529559, 93.77091467196804, 66.04579399601478, 42.03010510173838, 92.64484234727438, 11.671631065379053], [21.65061366319359, 35.228986167350776, 26.181511629974953, 56.500720029845276, 55.8657269926769, 45.888823979502156, 27.55514605062729, 30.199049342112726, 45.56590293138916, 20.957704219430664, 5.152286785552375, 27.66267342207544, 22.91632545636972, 52.84453672743473, 19.92006521749269, 56.42344752250815, 45.53885489620572, 63.49496512796589, 17.130344335951005, 39.54528237323961, 50.526889664206266, 51.663360037924775, 20.007135904432847, 44.91872447611265, 46.851270905645215, 36.653321715941644, 33.309407462254576, 31.491236898871563, 36.859829186765594, 26.437514718037136, 0.0, 35.46263304616035, 42.45940994781474, 40.11542963224292, 39.77753465258851, 57.645935139990144, 52.0350645264297, 54.75265800746067, 40.81536498638261, 61.220165654867486, 51.67017406545646, 62.90432465872641, 26.812283360562436, 54.53560196253985, 10.77680705876659, 41.19655187639276, 37.44443316262588, 44.477015582871886, 37.652807814545405, 16.586963582082685, 32.17952435577781, 44.9604916826996, 56.10176196181202, 26.111674227870346, 63.47742328220082, 38.22042115942158, 61.17674063161387, 39.9026272930156, 68.22033818014397, 48.81040240769099, 43.520278122183775, 67.8499286972687, 19.477939328577236], [48.62796905689017, 46.6822888693473, 61.6426400938502, 35.761978119316915, 54.71912676092261, 38.289118759274, 18.90163899950067, 35.70481608420223, 72.62972716620612, 20.740451061539908, 32.016747312622805, 8.392955945274162, 57.85415369825662, 78.2947236426153, 39.3044382722835, 27.502150722078763, 67.83434221705147, 46.072381241454