233,53,"[[7.945230613144516, 73.03416108885502], [40.042762789052944, 53.95626984469389], [10.635246877728488, 68.46121563972214], [56.38446660082311, 87.94901866441184], [51.263680099069134, 65.99879993191665], [84.50719187388792, 66.49665230104789], [63.790151509371384, 50.56374099222561], [46.48575765554597, 54.72966972622729], [23.898503201699274, 64.9707513019764], [32.73474190272605, 61.70983525159763], [4.197281225827886, 63.42382664763545], [68.33475038891775, 41.60825050149786], [38.40475920101145, 65.30388598901978], [74.05642096503605, 48.41383990100518], [91.63558698855707, 73.62134615351968], [87.67975935123665, 53.62183881283246], [73.74502923571622, 72.43559882815876], [81.19682719819158, 0.12850879007423321], [75.0081447463391, 58.73675061956901], [71.8296724742577, 58.71397341447281], [28.234772773590898, 5.502184881427386], [0.7258297840685213, 92.72738131379522], [38.708383456806075, 83.5136863717251], [86.98290636050487, 85.68649295970252], [11.148860695124752, 24.149113840437387], [45.116015647241056, 25.758587702543878], [56.55168945102778, 0.245051210824887], [48.8611819136897, 40.1725667855562], [48.57597941603766, 17.640795259017306], [34.999615197643394, 29.628857141874242], [8.079252666966275, 27.5670105257369], [69.00412037578431, 69.31766763155657], [53.98635480596883, 62.68817573362648], [31.447967481342985, 6.7976150151311305], [27.807732738215453, 36.27331775982421], [19.534078709699585, 97.65602870555014], [61.82302770023259, 11.61145374755238], [34.14606886800878, 28.619766226813624], [56.81094659236771, 76.77976716481102], [19.405741628705396, 85.29925215071921], [77.64971016658097, 86.73758098122694], [79.47836737910788, 69.2310620594443], [61.61702209768772, 38.00223421788098], [25.752401001886504, 49.23524932819118], [52.00070557945089, 58.04483488287955], [15.996660258471518, 4.518132136841668], [69.78796233416247, 40.96188998834145], [76.37666305183816, 93.42109538651647], [76.12846697335758, 78.31820685267402], [72.35042196542577, 23.982880249787787], [5.613397742678017, 89.78802759808889], [62.58013142131992, 36.66078236018508], [27.867236385822792, 65.80947707250377]]","[[0.0, 37.339222087605364, 5.30547053374829, 50.683454495221234, 43.88603846866518, 76.8405682777153, 60.19613749423498, 42.66645788849351, 17.87527576502982, 27.25362775200148, 10.315311564949361, 68.07702956940082, 31.425149719837705, 70.54679089183946, 83.69241624271413, 82.06359320206374, 65.8025210425172, 103.34907130385449, 68.57004009159888, 65.4697616227177, 70.51406477831996, 20.974810396255247, 32.499108034479896, 80.04396097967003, 48.98990804423083, 60.138565821405365, 87.52623810946511, 52.478561822740396, 68.69703578934126, 51.146457707017746, 45.46734808893259, 61.1718917695402, 47.18924167550985, 70.28270538384477, 41.78371205302368, 27.21282354220319, 81.7041369582517, 51.566679127309406, 49.00905796930142, 16.786177989453503, 71.0387090716188, 71.63416236549098, 64.09287871092667, 29.723450644996667, 46.535629088000846, 68.98747525954825, 69.664582394949, 71.4036976330264, 68.38768061710248, 80.95712955062703, 16.91536247158235, 65.63531874271979, 21.191563725755298], [37.339222087605364, 0.0, 32.79017298813028, 37.71681661794987, 16.45999745382381, 46.198989664190165, 23.988491470885307, 6.489247277335895, 19.54369257322375, 10.65480857613709, 37.07469730579648, 30.86924268670755, 11.465227774161411, 34.462261565273394, 55.21353760730134, 47.63817046844447, 38.43602949474633, 67.757544801629, 35.29066352249363, 32.14099205987972, 49.872106210112086, 55.21793463602124, 29.587521693354873, 56.65848689681668, 41.5129392753102, 28.65043058581912, 56.19109953245034, 16.363220522875107, 37.30455039785321, 24.84464422047639, 41.44947510799015, 32.7831172287315, 16.452049683470324, 47.935469453373216, 21.503087098849168, 48.27292250489612, 47.617889389408035, 26.013639014511966, 28.3210878672261, 37.526912772148584, 49.888844954421906, 42.29049759209463, 26.832441512054583, 15.049999160310486, 12.63759311933662, 54.975853853594614, 32.45967966307681, 53.64349693441429, 43.5394306492165, 44.07027257987738, 49.69201184490849, 28.40892240465119, 16.992409034070445], [5.30547053374829, 32.79017298813028, 0.0, 49.72690993819237, 40.70298609609599, 73.89806334828585, 56.08710622912215, 38.39029143162141, 13.714857258040487, 23.10776530746849, 8.174514639576351, 63.642080749708605, 27.948426524514197, 66.51422852760054, 81.16453686795317, 78.46058887677931, 63.23480332064856, 98.22573717066766, 65.10326566256684, 61.96584910325068, 65.3726461586422, 26.211511662963716, 31.854008735563408, 78.26669334556178, 44.3150783032547, 54.885679805188445, 82.22995067478418, 47.554913135950855, 63.42092961487613, 45.84293304462371, 40.97400539744859, 58.375156560358455, 43.73381470170782, 65.08124907308694, 36.48225651676939, 30.52091607279086, 76.49891719971673, 46.261213148597776, 46.919010471365354, 18.985285136720595, 69.46195951734384, 68.8474248166001, 59.3876330041408, 24.4574350541031, 42.65679502348274, 64.16745811776835, 65.23232831311886, 70.32019196185348, 66.23082480436676, 76.07289369522246, 21.910086194324798, 60.90598153722943, 17.434826636245788], [50.683454495221234, 37.71681661794987, 49.72690993819237, 0.0, 22.53962193118883, 35.37077465044082, 38.11171939956483, 34.662798252019016, 39.791187327708364, 35.32427245488697, 57.66270337769352, 47.85682894368305, 28.914908128315943, 43.30506126199737, 38.05159245248334, 46.45159442792856, 23.282081737162105, 91.25839793138202, 34.643873801749066, 33.06421411796689, 87.11994985883533, 55.86337442285787, 18.22405245440083, 30.681974158964152, 78.2092571068403, 63.203067094217424, 87.7041268731493, 48.365164805015034, 70.74050289994995, 62.117252913751365, 77.32645472317144, 22.502953199732907, 25.374418727419705, 84.89628556411832, 59.050891460118585, 38.107441945964084, 76.53105098107396, 63.36013358987728, 11.177390761914115, 37.07353993268797, 21.299722185306702, 29.726926390441204, 50.22012458741998, 49.36678416785576, 30.223791428809214, 92.69243619586004, 48.86147725043977, 20.727555152226188, 21.96766002249101, 65.9285870801379, 50.804363856431216, 51.661101863647325, 36.102516824110126], [43.88603846866518, 16.45999745382381, 40.70298609609599, 22.53962193118883, 0.0, 33.24723946591604, 19.87846901712644, 12.24017313885317, 27.384480835134838, 19.018852981000872, 47.13678383502429, 29.771132701975834, 12.877684265835107, 28.787842146848593, 41.085205083995355, 38.461929159149925, 23.384683855773766, 72.35252967497948, 24.830162335361845, 21.81808286182742, 64.73153022424658, 57.170721327871256, 21.55009792958278, 40.78563940251481, 57.970638790394794, 40.70710574920837, 65.96604061017213, 25.93773922416753, 48.43263724912905, 39.84084017272661, 57.80914468835798, 18.048216089669673, 4.286395938535751, 62.42950233743454, 37.86536355244096, 44.821286661077124, 55.402917312539415, 41.11210010428744, 12.1244142136606, 37.24829794006382, 33.56068566246629, 28.399227045316387, 29.849612766678852, 30.526087040726527, 7.988038968359865, 70.87760718989796, 31.144757052320852, 37.183923956266824, 27.749331761017082, 47.010511476407714, 51.476942723623445, 31.444893791649257, 23.39720969629072], [76.8405682777153, 46.198989664190165, 73.89806334828585, 35.37077465044082, 33.24723946591604, 0.0, 26.13529078161948, 39.80064495627974, 60.62789388079761, 51.99327065574319, 80.36867552595136, 29.681314117144968, 46.117859770724586, 20.885562402876364, 10.078456201337996, 13.259939922739655, 12.292079990886048, 66.45065076716173, 12.265723396425187, 14.875805483386165, 82.98740993188437, 87.7916156484525, 48.858062804281914, 19.348879727875705, 84.70394776517787, 56.667933364034326, 71.90816895688957, 44.31247571857693, 60.646078158463816, 61.72709671005934, 85.7714806924245, 15.757644283657296, 30.757535484675326, 79.87024693841703, 64.25168182287929, 72.05839418252307, 59.38818337442199, 63.01508715453634, 29.543602589993597, 67.76235374551887, 21.371014229608857, 5.7241656620081525, 36.54985272585346, 61.237908871906846, 33.58727242394768, 92.38522557190564, 29.473374503262082, 28.125275721116385, 14.489726808185164, 44.217732513481465, 82.26006877972654, 37.026681126164306, 56.64412385662544], [60.19613749423498, 23.988491470885307, 56.08710622912215, 38.11171939956483, 19.87846901712644, 26.13529078161948, 0.0, 17.798792342883594, 42.41350670209037, 32.99505846449321, 60.96467823006794, 10.042618627902256, 29.354557008680196, 10.488963878207615, 36.15275138630015, 24.084545358351917, 24.03076685713019, 53.35452188728423, 13.879533804609622, 11.448152072779962, 57.39972818900284, 75.86093355502024, 41.41007110781972, 42.089328616095536, 58.89684224267099, 31.048655042077275, 50.83665876399551, 18.189300002532804, 36.26832486119746, 35.59725190158126, 60.270671656926346, 19.465231458509063, 15.592188672541617, 54.419579663442455, 38.71628412934269, 64.62417149739241, 39.00192633283661, 36.88237606436133, 27.1291232728817, 56.36072724776352, 38.7380183504849, 24.38419555782144, 12.74809569629247, 38.06094262851454, 13.962729000281378, 66.3657735644877, 11.321187101659106, 44.66736054980741, 30.373416068786817, 27.925264333389393, 70.16465875759232, 13.955515301762182, 39.02420146016022], [42.66645788849351, 6.489247277335895, 38.39029143162141, 34.662798252019016, 12.24017313885317, 39.80064495627974, 17.798792342883594, 0.0, 24.800480148657712, 15.421191425952474, 43.17294990292986, 25.48627328453559, 13.308515529332874, 28.28482246199237, 48.94284960066735, 41.20889546004892, 32.50488905448073, 64.70042599836624, 28.8024870912709, 25.65518844636077, 52.50184485621774, 59.47938369464509, 29.816223162491923, 50.97395372089736, 46.73185942240417, 29.003444395318073, 55.40664795563996, 14.749640213628016, 37.147727201707696, 27.60402617297065, 47.041148798469855, 26.83069776368314, 10.936031066284537, 50.2356148778023, 26.258437552911836, 50.68594768988413, 45.76475064509036, 28.87897124417636, 24.347819689493818, 40.839033260126854, 44.673239405912554, 36.03890503293846, 22.555758960937414, 21.449026403037514, 6.434669425795264, 58.743370410443575, 27.065559329063884, 48.89266453197017, 37.88283647598251, 40.17892386527122, 53.848289309118584, 24.197387411849913, 21.665905591544895], [17.87527576502982, 19.54369257322375, 13.714857258040487, 39.791187327708364, 27.384480835134838, 60.62789388079761, 42.41350670209037, 24.800480148657712, 0.0, 9.41874131023574, 19.76186031801575, 50.20345115364026, 14.510080697132322, 52.819958628280524, 68.28722655982845, 64.78307225424824, 50.402381950152716, 86.53100222913947, 51.48842805262003, 48.33781394900067, 59.626450723779996, 36.15803234321763, 23.73126617295247, 66.39867373925756, 42.76633569861671, 44.584488429557894, 72.49584004977822, 35.18643607682487, 53.37698540886022, 37.04435409573715, 40.611433261296895, 45.31459347971121, 30.1743096919511, 58.660959729256824, 28.962471708668314, 32.975378088733635, 65.46360969226656, 37.76780001562221, 34.96686696849797, 20.81905024992993, 57.99126765701065, 55.74290582423369, 46.36795856431664, 15.844335247038224, 28.94308374593875, 60.966862194345005, 51.79061576238854, 59.69404777517985, 53.908475078289754, 63.463328034996664, 30.826000136331594, 47.93456689286075, 4.056390514350156], [27.25362775200148, 10.65480857613709, 23.10776530746849, 35.32427245488697, 19.018852981000872, 51.99327065574319, 32.99505846449321, 15.421191425952474, 9.41874131023574, 0.0, 28.588886448954263, 40.8831788597996, 6.713143590451521, 43.408117361750726, 60.093207967220984, 55.537110375051135, 42.3896882677226, 78.36347031586655, 42.377822268346875, 39.20954966000019, 56.387495797370434, 44.57194878778007, 22.607350952407394, 59.310567876979924, 43.32156576620317, 38.02352087681992, 65.91787820991652, 26.905687138698983, 46.82974580136855, 32.16082722068232, 42.1144349328768, 37.05869571832627, 21.274120453923622, 54.92729485155561, 25.909300288052293, 38.29342414259532, 57.93078801433901, 33.12015265465883, 28.403634980868393, 27.094701289097202, 51.417335894132755, 47.344855849092234, 37.366247550886854, 14.295746864574344, 19.611465628442573, 59.59072312278244, 42.466673721727865, 53.94646699210072, 46.46346287939585, 54.705806278116114, 39.03783029952269, 38.96411587952916, 6.363935340401113], [10.315311564949361, 37.07469730579648, 8.174514639576351, 57.66270337769352, 47.13678383502429, 80.36867552595136, 60.96467823006794, 43.17294990292986, 19.76186031801575, 28.588886448954263, 0.0, 67.74610183054247, 34.259103498921206, 71.45347512358114, 88.03094182575471, 84.05595231435414, 70.12917574790524, 99.67561057069005, 70.96581623720918, 67.79618767643665, 62.71138321550336, 29.508461348994583, 39.93267635571935, 85.72681051025816, 39.885179242493535, 55.614863583766756, 82.05206716656086, 50.35360076329319, 63.76170336643245, 45.72618223738551, 36.066341159999276, 65.07429417329145, 49.79450803287418, 62.842085780515646, 35.98059968213317, 37.51081197195273, 77.49353935825637, 45.915710851653635, 54.282399821678524, 26.642663319699487, 77.06354818215573, 75.50474101369882, 62.79557311989501, 25.805792274411605, 48.105102976065524, 60.07583700086875, 69.33019577890558, 78.16456545377599, 73.45704897923592, 78.74286536207156, 26.402205925740102, 64.2247439580828, 23.789874006094355], [68.07702956940082, 30.86924268670755, 63.642080749708605, 47.85682894368305, 29.771132701975834, 29.681314117144968, 10.042618627902256, 25.48627328453559, 50.20345115364026, 40.8831788597996, 67.74610183054247, 0.0, 38.174435341805086, 8.891206962854053, 39.5950410969428, 22.77181757933332, 31.298506706445238, 43.428124439055345, 18.38259254143513, 17.45910183136788, 53.95976444824931, 84.75925719564546, 51.32043621277832, 47.86068511152882, 59.791700369033215, 28.112656470794256, 43.00877562342315, 19.526419459071754, 31.062001563953302, 35.42226846893254, 61.869874945542016, 27.717500858968315, 25.499798108944336, 50.71898161670091, 40.87665185675703, 74.31594040280648, 30.695445067173253, 36.57275854911497, 37.01126366849822, 65.59688653716121, 46.08063525178541, 29.78590132915023, 7.624383701815014, 43.25999988929244, 23.17244756092787, 64.14789598113815, 1.59047378814294, 52.43322662546183, 37.52816160570394, 18.077037775040484, 79.09019533956888, 7.589010506748668, 47.1520843349671], [31.425149719837705, 11.465227774161411, 27.948426524514197, 28.914908128315943, 12.877684265835107, 46.117859770724586, 29.354557008680196, 13.308515529332874, 14.510080697132322, 6.713143590451521, 34.259103498921206, 38.174435341805086, 0.0, 39.45015390833946, 53.87672197280919, 50.64085175065048, 36.05268386882995, 77.96788362204093, 37.18783538121831, 34.06833977557764, 60.660300685833526, 46.60203662754395, 18.21233147256775, 52.68099323637249, 49.361921295315575, 40.11074144980883, 67.54230570683399, 27.219845349534786, 48.73626923143589, 35.83716909757716, 48.41185925243666, 30.86148647389108, 15.799622202337522, 58.91842406498101, 30.904220772625504, 37.453487428488245, 58.577236017980404, 36.93048992472608, 21.690633532624215, 27.582192383007357, 44.716545677287314, 41.26092583372197, 35.83558759413525, 20.451974284569424, 15.412448893247175, 64.78449482396421, 39.71697632239468, 47.24873486516972, 39.905521868978404, 53.47647647159439, 40.92366768294387, 37.48167562266428, 10.549644990440202], [70.54679089183946, 34.462261565273394, 66.51422852760054, 43.30506126199737, 28.787842146848593, 20.885562402876364, 10.488963878207615, 28.28482246199237, 52.819958628280524, 43.408117361750726, 71.45347512358114, 8.891206962854053, 39.45015390833946, 0.0, 30.73183121053923, 14.584875777685625, 24.023777112755845, 48.81043537673806, 10.366690111088383, 10.538081383081202, 62.77765191132769, 85.68001841440775, 49.814485623675196, 39.45053473291951, 67.42505520877918, 36.75333334725087, 51.25083247379261, 26.508841042525994, 39.952886980413595, 43.339469932299394, 69.19231916646076, 21.505714473895605, 24.62852450090731, 59.5599738249076, 47.81561921132216, 73.46753679871472, 38.782361162765646, 44.54931601189868, 33.196870573502615, 65.93353007957175, 38.49182845319012, 21.511723345907804, 16.22159600908157, 48.31100348830916, 24.066795497340884, 72.78577452648547, 8.587857508385211, 45.06702308428474, 29.97606607679975, 24.490451650920686, 79.9766893251387, 16.426794673612882, 49.356346751912824], [83.69241624271413, 55.21353760730134, 81.16453686795317, 38.05159245248334, 41.085205083995355, 10.078456201337996, 36.15275138630015, 48.94284960066735, 68.28722655982845, 60.093207967220984, 88.03094182575471, 39.5950410969428, 53.87672197280919, 30.73183121053923, 0.0, 20.38697785760288, 17.929809073923078, 74.23048463866307, 22.316429367790867, 24.78919142950435, 93.05849437603199, 92.89577242547016, 53.84373007773625, 12.931171813930712, 94.47547236967631, 66.74514337625057, 81.33240759956139, 54.299821092850195, 70.6254336818638, 71.7145200788579, 95.40787617056526, 23.037033877334437, 39.204577530804556, 89.93308948991366, 73.95181000556467, 76.00193064299769, 68.80418190429636, 73.00812892844579, 34.967573579081375, 73.16778013024253, 19.173950206857455, 12.925656001111399, 46.581491745014915, 70.25151894534751, 42.5858136904567, 102.45243493599385, 39.293240895152806, 24.997296441738055, 16.202816779593025, 53.253120915542226, 87.5281590780019, 47.01385725656691, 64.24506079950561], [82.06359320206374, 47.63817046844447, 78.46058887677931, 46.45159442792856, 38.461929159149925, 13.259939922739655, 24.084545358351917, 41.20889546004892, 64.78307225424824, 55.537110375051135, 84.05595231435414, 22.77181757933332, 50.64085175065048, 14.584875777685625, 20.38697785760288, 0.0, 23.412267496051786, 53.884735929804016, 13.664996871047794, 16.647975516830964, 76.48011194875875, 95.3426941168889, 57.37349743111093, 32.07222551755776, 82.00987724908818, 50.87271410623206, 61.79027585649799, 41.08241560982637, 53.13888501316164, 57.88661984868613, 83.75616240887956, 24.39546132886454, 34.89188981715418, 73.174601817545, 62.334827772899075, 81.13472542386694, 49.32994045207375, 59.08434352982689, 38.58980754937089, 75.26486571937691, 34.601362198766, 17.632659488660973, 30.38483702194495, 62.082524750815296, 35.95215949405031, 86.88866844914203, 21.917817061443778, 41.373189504453315, 27.264316421992966, 33.36849486251812, 89.68211036164077, 30.29304801782329, 61.041595898508135], [65.8025210425172, 38.43602949474633, 63.23480332064856, 23.282081737162105, 23.384683855773766, 12.292079990886048, 24.03076685713019, 32.50488905448073, 50.402381950152716, 42.3896882677226, 70.12917574790524, 31.298506706445238, 36.05268386882995, 24.023777112755845, 17.929809073923078, 23.412267496051786, 0.0, 72.69005821052295, 13.756958349691939, 13.854659704127595, 80.93988723622559, 75.78627794663022, 36.74630010027869, 18.73039204225004, 79.0560873584797, 54.75731719752047, 74.20974395753095, 40.7444363579609, 60.298852120137894, 57.737546213689924, 79.5310280873397, 5.674302755839345, 22.03219172494136, 78.08576280022204, 58.46320023368994, 59.79044438816824, 61.981535519852414, 59.05848667848139, 17.482418411333402, 55.84112959495411, 14.82542500836113, 6.568121662127817, 36.5067823222535, 53.306177706821515, 26.075078105293723, 89.14962928301027, 31.72148682828355, 21.14985962939234, 6.347113723520663, 48.47278480831448, 70.30665682649584, 37.47655849358519, 46.353827957338076], [103.34907130385449, 67.757544801629, 98.22573717066766, 91.25839793138202, 72.35252967497948, 66.45065076716173, 53.35452188728423, 64.70042599836624, 86.53100222913947, 78.36347031586655, 99.67561057069005, 43.428124439055345, 77.96788362204093, 48.81043537673806, 74.23048463866307, 53.884735929804016, 72.69005821052295, 0.0, 58.93408013055271, 59.32959002790069, 53.233970391181096, 122.67898197119231, 93.58608706366738, 85.75341023681169, 74.05205654268019, 44.257495492115524, 24.645413299689515, 51.46960789350014, 37.024314813332914, 54.81289035893969, 78.09642170309246, 70.25526173069922, 68.2211238246344, 50.193884298465825, 64.47358081195718, 115.38592501695591, 22.52114854716759, 55.00477806310852, 80.43684841757634, 105.22449230317252, 86.68167871614072, 69.12391751409878, 42.63552328228906, 74.0645418706918, 64.85918859856682, 65.34776631296475, 42.397254835291875, 93.41702573006948, 78.35379479316366, 25.441893075797307, 117.26757489238588, 41.002297177719335, 84.60517035460778], [68.57004009159888, 35.29066352249363, 65.10326566256684, 34.643873801749066, 24.830162335361845, 12.265723396425187, 13.879533804609622, 28.8024870912709, 51.48842805262003, 42.377822268346875, 70.96581623720918, 18.38259254143513, 37.18783538121831, 10.366690111088383, 22.316429367790867, 13.664996871047794, 13.756958349691939, 58.93408013055271, 0.0, 3.178553882736967, 70.86372354759231, 81.68981142801861, 43.94962132878452, 29.490397215291676, 72.62446404276466, 44.50953393891016, 61.33448982253543, 32.06700152485373, 48.86242841943948, 49.47678141671791, 73.8310862204355, 12.165694121454136, 21.389937183850183, 67.7876305139372, 52.273173900011905, 67.76490396489449, 48.93506837427765, 50.76161930041137, 25.62593347971497, 61.6213738896513, 28.125155445112874, 11.406728846764773, 24.682834849406856, 50.16379988207866, 23.01784100224737, 80.1374687124405, 18.52554924626964, 34.711332648934146, 19.613478786318325, 34.85534386661166, 76.02507950471927, 25.33384869687551, 47.66852945636816], [65.4697616227177, 32.14099205987972, 61.96584910325068, 33.06421411796689, 21.81808286182742, 14.875805483386165, 11.448152072779962, 25.65518844636077, 48.33781394900067, 39.20954966000019, 67.79618767643665, 17.45910183136788, 34.06833977557764, 10.538081383081202, 24.78919142950435, 16.647975516830964, 13.854659704127595, 59.32959002790069, 3.178553882736967, 0.0, 68.78960472917942, 78.8204818701133, 41.37687215026855, 30.937635782798726, 69.83473659682085, 42.42259903039444, 60.43204140945708, 29.518389495528623, 47.19894283387816, 46.92970389411453, 70.95244409319659, 10.973699271922985, 18.28054346798903, 65.77226138414042, 49.41168084910944, 65.20209197166157, 48.1537153146686, 48.22567041531569, 23.493297574949146, 58.77963568093261, 28.62159009900573, 13.00429495642379, 23.092734101047743, 47.042121089959885, 19.840253891767805, 77.81076059825091, 17.86910871488826, 35.00370607371341, 20.07001750983237, 34.7349969403566, 73.14500586324638, 23.914373196195164, 44.53135927625447], [70.51406477831996, 49.872106210112086, 65.3726461586422, 87.11994985883533, 64.73153022424658, 82.98740993188437, 57.39972818900284, 52.50184485621774, 59.626450723779996, 56.387495797370434, 62.71138321550336, 53.95976444824931, 60.660300685833526, 62.77765191132769, 93.05849437603199, 76.48011194875875, 80.93988723622559, 53.233970391181096, 70.86372354759231, 68.78960472917942, 0.0, 91.46024730485888, 78.71144062659685, 99.40254756261345, 25.291033018748784, 26.36850803914587, 28.80078513769174, 40.34208888236818, 23.687772152941147, 25.057122887220636, 29.884804190128605, 75.72684822796015, 62.716676625265215, 3.4644998861644845, 30.77409595441867, 92.56367002638908, 34.13933266916145, 23.86139117437267, 76.79252207269579, 80.28401918026553, 95.0843079432377, 81.7757652025668, 46.589996531531106, 43.80345985784399, 57.66757868428111, 12.277612053524425, 54.626534293565626, 100.2366022167784, 87.154913801907, 47.83018508133936, 87.26872229354002, 46.373072547377966, 60.308412136419214], [20.974810396255247, 55.21793463602124, 26.211511662963716, 55.86337442285787, 57.170721327871256, 87.7916156484525, 75.86093355502024, 59.47938369464509, 36.15803234321763, 44.57194878778007, 29.508461348994583, 84.75925719564546, 46.60203662754395, 85.68001841440775, 92.89577242547016, 95.3426941168889, 75.78627794663022, 122.67898197119231, 81.68981142801861, 78.8204818701133, 91.46024730485888, 0.0, 39.08409597250418, 86.54396205587078, 69.36582979407255, 80.34493088374263, 108.02549693859224, 71.26724812100035, 89.0372518958408, 71.80610084979043, 65.57397920922573, 72.17991175397194, 61.147668782187516, 91.25664074922614, 62.61382243062334, 19.443296859348585, 101.55127423198036, 72.2959106213368, 58.30837610880143, 20.10264185092958, 77.15673062751635, 82.18296171446043, 81.86928011191749, 50.17862903242492, 61.9030848566088, 89.52133770079531, 86.30900442324877, 75.65401386127886, 76.7670632742362, 99.2768282716821, 5.703342950942264, 83.48304108773853, 38.22603198168869], [32.499108034479896, 29.587521693354873, 31.854008735563408, 18.22405245440083, 21.55009792958278, 48.858062804281914, 41.41007110781972, 29.816223162491923, 23.73126617295247, 22.607350952407394, 39.93267635571935, 51.32043621277832, 18.21233147256775, 49.814485623675196, 53.84373007773625, 57.37349743111093, 36.74630010027869, 93.58608706366738, 43.94962132878452, 41.37687215026855, 78.71144062659685, 39.08409597250418, 0.0, 48.32339650778386, 65.44982633035897, 58.10945854656329, 85.1589641221788, 44.514401753687444, 66.60786164981803, 54.01231140333065, 63.782240405595594, 33.45681729536085, 25.828633372352414, 77.05886869482822, 48.48171420934888, 23.825612462684152, 75.52627248077863, 55.08318421517651, 19.314462455948433, 19.385051629930132, 39.07454954789118, 43.19936279935738, 50.951918526490616, 36.645173318183424, 28.72887438750469, 82.19562007500264, 52.69341134000303, 38.94940360308332, 37.77903728019771, 68.37911693304572, 33.684498471005746, 52.58378994705358, 20.759804833507577], [80.04396097967003, 56.65848689681668, 78.26669334556178, 30.681974158964152, 40.78563940251481, 19.348879727875705, 42.089328616095536, 50.97395372089736, 66.39867373925756, 59.310567876979924, 85.72681051025816, 47.86068511152882, 52.68099323637249, 39.45053473291951, 12.931171813930712, 32.07222551755776, 18.73039204225004, 85.75341023681169, 29.490397215291676, 30.937635782798726, 99.40254756261345, 86.54396205587078, 48.32339650778386, 0.0, 97.66090062480033, 73.10396956737273, 90.69894669023722, 59.36988588994043, 78.13647683950613, 76.45077562462721, 97.99826939585161, 24.31409443322405, 40.220579430465456, 96.47582339459834, 77.09321018456791, 68.50265788594746, 78.23126567096563, 77.77109164859817, 31.459130958045755, 67.57827423538502, 9.392195548606706, 18.085887079059187, 54.01126378998753, 71.25916045502913, 44.584926070612326, 107.83019027307972, 47.91613727143422, 13.126936878933849, 13.119088938043056, 63.41486750776497, 81.47281460153738, 54.76326984868735, 62.36792602881292], [48.98990804423083, 41.5129392753102, 44.3150783032547, 78.2092571068403, 57.970638790394794, 84.70394776517787, 58.89684224267099, 46.73185942240417, 42.76633569861671, 43.32156576620317, 39.885179242493535, 59.791700369033215, 49.361921295315575, 67.42505520877918, 94.47547236967631, 82.00987724908818, 79.0560873584797, 74.05205654268019, 72.62446404276466, 69.83473659682085, 25.291033018748784, 69.36582979407255, 65.44982633035897, 97.66090062480033, 0.0, 34.00526461673079, 51.31102288240112, 40.97523905942052, 37.9887802713718, 24.472149006351184, 4.593964649180093, 73.39910983314293, 57.62213284236935, 26.704461196640825, 20.603745737776514, 73.9836361240706, 52.20214672086083, 23.42772538055659, 69.67791441940263, 61.705068658238474, 91.32184404324616, 81.86148996260522, 52.33492389931498, 29.027186966724067, 53.08288929061887, 20.220697397797508, 61.00175147348581, 95.14869220124251, 84.59692588884361, 61.2017870288856, 65.87190865142988, 52.93125218298945, 44.889753289175374], [60.138565821405365, 28.65043058581912, 54.885679805188445, 63.203067094217424, 40.70710574920837, 56.667933364034326, 31.048655042077275, 29.003444395318073, 44.584488429557894, 38.02352087681992, 55.614863583766756, 28.112656470794256, 40.11074144980883, 36.75333334725087, 66.74514337625057, 50.87271410623206, 54.75731719752047, 44.257495492115524, 44.50953393891016, 42.42259903039444, 26.36850803914587, 80.34493088374263, 58.10945854656329, 73.10396956737273, 34.00526461673079, 0.0, 27.95916986716327, 14.892584173636944, 8.824392525129554, 10.83146082435949, 37.08088732978889, 49.67932157129329, 37.97996035985739, 23.373789293097552, 20.251819805546916, 76.31302326770388, 21.892136736263957, 11.336934104374556, 52.34436133464761, 64.8545211457027, 69.11496871416063, 55.41324068538038, 20.547264875652157, 30.431943960564364, 33.012129777589394, 36.04294398208936, 28.98008546770748, 74.53484434972809, 61.02692604466879, 27.292233775595445, 75.23447344569587, 20.587695065828292, 43.60727147316029], [87.52623810946511, 56.19109953245034, 82.22995067478418, 87.7041268731493, 65.96604061017213, 71.90816895688957, 50.83665876399551, 55.40664795563996, 72.49584004977822, 65.91787820991652, 82.05206716656086, 43.00877562342315, 67.54230570683399, 51.25083247379261, 81.33240759956139, 61.79027585649799, 74.20974395753095, 24.645413299689515, 61.33448982253543, 60.43204140945708, 28.80078513769174, 108.02549693859224, 85.1589641221788, 90.69894669023722, 51.31102288240112, 27.95916986716327, 0.0, 40.66141175798333, 19.136976290743114, 36.44036162851523, 55.64230933912202, 70.18610528545778, 62.49579779482173, 25.94480582198948, 46.089597937428046, 104.2074951309855, 12.529250319330957, 36.15433979412127, 76.53515506238082, 92.81184481057694, 89.02855825069727, 72.69595761542557, 38.0954388798665, 57.86739738879058, 57.97867234367884, 40.779524438244486, 42.814248561326906, 95.2617698056427, 80.49017238169637, 28.514636181170655, 103.01773722255335, 36.91134768240875, 71.56459869391803], [52.478561822740396, 16.363220522875107, 47.554913135950855, 48.365164805015034, 25.93773922416753, 44.31247571857693, 18.189300002532804, 14.749640213628016, 35.18643607682487, 26.905687138698983, 50.35360076329319, 19.526419459071754, 27.219845349534786, 26.508841042525994, 54.299821092850195, 41.08241560982637, 40.7444363579609, 51.46960789350014, 32.06700152485373, 29.518389495528623, 40.34208888236818, 71.26724812100035, 44.514401753687444, 59.36988588994043, 40.97523905942052, 14.892584173636944, 40.66141175798333, 0.0, 22.533576471319765, 17.41587910137397, 42.68566271834402, 35.42844723116245, 23.091557840002377, 37.64448754525804, 21.411489092282885, 64.5323746397487, 31.36473535937696, 18.708333776615472, 37.460457525946886, 53.88915191788319, 54.74559257155353, 42.211469927099095, 12.939157710377073, 24.82232805556925, 18.145924495337145, 48.49036495785281, 20.941661106157216, 59.93752998273359, 46.889174557197016, 28.528062470741382, 65.81842285669245, 14.16129250609515, 33.136036544644874], [68.69703578934126, 37.30455039785321, 63.42092961487613, 70.74050289994995, 48.43263724912905, 60.646078158463816, 36.26832486119746, 37.147727201707696, 53.37698540886022, 46.82974580136855, 63.76170336643245, 31.062001563953302, 48.73626923143589, 39.952886980413595, 70.6254336818638, 53.13888501316164, 60.298852120137894, 37.024314813332914, 48.86242841943948, 47.19894283387816, 23.687772152941147, 89.0372518958408, 66.60786164981803, 78.13647683950613, 37.9887802713718, 8.824392525129554, 19.136976290743114, 22.533576471319765, 0.0, 18.111634191803443, 41.69549888069707, 55.56804910448981, 45.371121316143075, 20.271737731049274, 27.901450944600512, 85.12267371352915, 14.554629755018368, 18.131743488584586, 59.709569437984484, 73.67882709120573, 74.964308953635, 60.13745264275288, 24.179681360600064, 38.97595745528318, 40.54892313269241, 35.12287465724673, 31.524937409817788, 80.71884475159264, 66.63998685700872, 24.605815584213254, 83.97027187182422, 23.619402674827313, 52.431612082219765], [51.146457707017746, 24.84464422047639, 45.84293304462371, 62.117252913751365, 39.84084017272661, 61.72709671005934, 35.59725190158126, 27.60402617297065, 37.04435409573715, 32.16082722068232, 45.72618223738551, 35.42226846893254, 35.83716909757716, 43.339469932299394, 71.7145200788579, 57.88661984868613, 57.737546213689924, 54.81289035893969, 49.47678141671791, 46.92970389411453, 25.057122887220636, 71.80610084979043, 54.01231140333065, 76.45077562462721, 24.472149006351184, 10.83146082435949, 36.44036162851523, 17.41587910137397, 18.111634191803443, 0.0, 26.999206104097976, 52.26383118846274, 38.12367803223253, 23.105839490281916, 9.791426362574319, 69.76301950040376, 32.31288107485588, 1.3216678144263752, 51.95134736656564, 57.81316263036346, 71.27718386285225, 59.55412689271283, 27.90340111419256, 21.677674804874197, 33.11351484134078, 31.490646336627723, 36.58779482272825, 76.03623971100569, 63.73566680948138, 37.77512172409497, 66.95278609804375, 28.462832737456054, 36.87693162506845], [45.46734808893259, 41.44947510799015, 40.97400539744859, 77.32645472317144, 57.80914468835798, 85.7714806924245, 60.270671656926346, 47.041148798469855, 40.611433261296895, 42.1144349328768, 36.066341159999276, 61.869874945542016, 48.41185925243666, 69.19231916646076, 95.40787617056526, 83.75616240887956, 79.5310280873397, 78.09642170309246, 73.8310862204355, 70.95244409319659, 29.884804190128605, 65.57397920922573, 63.782240405595594, 97.99826939585161, 4.593964649180093, 37.08088732978889, 55.64230933912202, 42.68566271834402, 41.69549888069707, 26.999206104097976, 0.0, 73.85767985866269, 57.80102310825204, 31.264430619341855, 21.56415339344434, 71.01889543691503, 56.06222566869968, 26.08806626457932, 69.25802053809899, 58.83282311130189, 91.33019744166661, 82.66635816268297, 54.54527155604028, 27.961629867879285, 53.46018895859273, 24.370805032991967, 63.145765056795526, 94.87516407432645, 84.89039696180298, 64.37102758870809, 62.2698595311211, 55.25434345980196, 43.05868724471652], [61.1718917695402, 32.7831172287315, 58.375156560358455, 22.502953199732907, 18.048216089669673, 15.757644283657296, 19.465231458509063, 26.83069776368314, 45.31459347971121, 37.05869571832627, 65.07429417329145, 27.717500858968315, 30.86148647389108, 21.505714473895605, 23.037033877334437, 24.39546132886454, 5.674302755839345, 70.25526173069922, 12.165694121454136, 10.973699271922985, 75.72684822796015, 72.17991175397194, 33.45681729536085, 24.31409443322405, 73.39910983314293, 49.67932157129329, 70.18610528545778, 35.42844723116245, 55.56804910448981, 52.26383118846274, 73.85767985866269, 0.0, 16.41595094822886, 72.93299390119167, 52.811659818929144, 57.01182097428736, 58.15131307925299, 53.58547315895335, 14.295328480199188, 52.109598137788666, 19.447354677198422, 10.474605043234503, 32.174921769238345, 47.68663076491935, 20.400805692810657, 83.71840077557216, 28.3666094901589, 25.20574567531789, 11.478938135264396, 45.45812008078446, 66.61395764482714, 33.28272509447808, 41.2862038143758], [47.18924167550985, 16.452049683470324, 43.73381470170782, 25.374418727419705, 4.286395938535751, 30.757535484675326, 15.592188672541617, 10.936031066284537, 30.1743096919511, 21.274120453923622, 49.79450803287418, 25.499798108944336, 15.799622202337522, 24.62852450090731, 39.204577530804556, 34.89188981715418, 22.03219172494136, 68.2211238246344, 21.389937183850183, 18.28054346798903, 62.716676625265215, 61.147668782187516, 25.828633372352414, 40.220579430465456, 57.62213284236935, 37.97996035985739, 62.49579779482173, 23.091557840002377, 45.371121316143075, 38.12367803223253, 57.80102310825204, 16.41595094822886, 0.0, 60.26386712303377, 37.189581540297134, 49.088797802346264, 51.674413116109925, 39.42452881676472, 14.371891588208756, 41.316819631418056, 33.73912090861177, 26.318283882154116, 25.838397625156936, 31.27518786963738, 5.0500908018556, 69.47640508736755, 26.8648895914508, 38.02417985619198, 27.102970391003627, 42.84085504665271, 55.44677579555716, 27.409454615705442, 26.30495902094678], [70.28270538384477, 47.935469453373216, 65.08124907308694, 84.89628556411832, 62.42950233743454, 79.87024693841703, 54.419579663442455, 50.2356148778023, 58.660959729256824, 54.92729485155561, 62.842085780515646, 50.71898161670091, 58.91842406498101, 59.5599738249076, 89.93308948991366, 73.174601817545, 78.08576280022204, 50.193884298465825, 67.7876305139372, 65.77226138414042, 3.4644998861644845, 91.25664074922614, 77.05886869482822, 96.47582339459834, 26.704461196640825, 23.373789293097552, 25.94480582198948, 37.64448754525804, 20.271737731049274, 23.105839490281916, 31.264430619341855, 72.93299390119167, 60.26386712303377, 0.0, 29.699635709526472, 91.63619418113353, 30.75414324351971, 21.9883158654378, 74.43643146260588, 79.41991083131153, 92.33092215402974, 78.77089960241834, 43.403918210601866, 42.81813031428299, 55.21496706059657, 15.618544653327172, 51.35321693681273, 97.58183764060817, 84.3299596326734, 44.36602443320747, 86.91854562906295, 43.13954561031325, 59.1203983296527], [41.78371205302368, 21.503087098849168, 36.48225651676939, 59.050891460118585, 37.86536355244096, 64.25168182287929, 38.71628412934269, 26.258437552911836, 28.962471708668314, 25.909300288052293, 35.98059968213317, 40.87665185675703, 30.904220772625504, 47.81561921132216, 73.95181000556467, 62.334827772899075, 58.46320023368994, 64.47358081195718, 52.273173900011905, 49.41168084910944, 30.77409595441867, 62.61382243062334, 48.48171420934888, 77.09321018456791, 20.603745737776514, 20.251819805546916, 46.089597937428046, 21.411489092282885, 27.901450944600512, 9.791426362574319, 21.56415339344434, 52.811659818929144, 37.189581540297134, 29.699635709526472, 0.0, 61.937795844138, 42.01485246805964, 9.937371682829024, 49.8192619101131, 49.740684529916024, 70.92858786447619, 61.28676360774595, 33.85346657450998, 13.123873609928939, 32.54687224198736, 33.88057329904324, 42.24124035194101, 74.99872985244089, 64.05205738969887, 46.207207422435175, 57.93455510287276, 34.7745573515077, 29.53621925074477], [27.21282354220319, 48.27292250489612, 30.52091607279086, 38.107441945964084, 44.821286661077124, 72.05839418252307, 64.62417149739241, 50.68594768988413, 32.975378088733635, 38.29342414259532, 37.51081197195273, 74.31594040280648, 37.453487428488245, 73.46753679871472, 76.00193064299769, 81.13472542386694, 59.79044438816824, 115.38592501695591, 67.76490396489449, 65.20209197166157, 92.56367002638908, 19.443296859348585, 23.825612462684152, 68.50265788594746, 73.9836361240706, 76.31302326770388, 104.2074951309855, 64.5323746397487, 85.12267371352915, 69.76301950040376, 71.01889543691503, 57.01182097428736, 49.088797802346264, 91.63619418113353, 61.937795844138, 0.0, 95.87504412737654, 70.56568424822031, 42.724503216061365, 12.357442989242452, 59.13238639139164, 66.34226761962226, 73.00376237546722, 48.81843307235884, 51.21648695836951, 93.20504871809534, 75.7606638317482, 57.00012328854912, 59.806990703021015, 90.64931835536046, 15.990334581008868, 74.65509179408573, 32.91875404342363], [81.7041369582517, 47.617889389408035, 76.49891719971673, 76.53105098107396, 55.402917312539415, 59.38818337442199, 39.00192633283661, 45.76475064509036, 65.46360969226656, 57.93078801433901, 77.49353935825637, 30.695445067173253, 58.577236017980404, 38.782361162765646, 68.80418190429636, 49.32994045207375, 61.981535519852414, 22.52114854716759, 48.93506837427765, 48.1537153146686, 34.13933266916145, 101.55127423198036, 75.52627248077863, 78.23126567096563, 52.20214672086083, 21.892136736263957, 12.529250319330957, 31.36473535937696, 14.554629755018368, 32.31288107485588, 56.06222566869968, 58.15131307925299, 51.674413116109925, 30.75414324351971, 42.01485246805964, 95.87504412737654, 0.0, 32.48533120645079, 65.36076828405453, 85.0242188507459, 76.77511882778742, 60.263838918478406, 26.391584494708866, 52.12139775855146, 47.46089859561189, 46.37209467320056, 30.411976115461485, 83.0940778096925, 68.22343074505066, 16.244328970906576, 96.28654734163858, 25.06076754587025, 63.956403089289836], [51.566679127309406, 26.013639014511966, 46.261213148597776, 63.36013358987728, 41.11210010428744, 63.01508715453634, 36.88237606436133, 28.87897124417636, 37.76780001562221, 33.12015265465883, 45.915710851653635, 36.57275854911497, 36.93048992472608, 44.54931601189868, 73.00812892844579, 59.08434352982689, 59.05848667848139, 55.00477806310852, 50.76161930041137, 48.22567041531569, 23.86139117437267, 72.2959106213368, 55.08318421517651, 77.77109164859817, 23.42772538055659, 11.336934104374556, 36.15433979412127, 18.708333776615