102,97,"[[55.13926486237717, 66.5497010491723], [79.66693654891317, 3.2642089374007255], [13.048756290560915, 46.526364006588686], [96.06599898266353, 22.342629448837272], [91.9607796657638, 6.636236120556205], [35.39134772044451, 49.42054663795309], [15.031476916633213, 83.80238472582562], [1.6443571481075447, 57.33537487511159], [93.06530994853898, 52.584645959481094], [23.645014126688537, 11.926011706163141], [6.910551757916639, 28.39849272120134], [78.43333940095468, 97.05318280536481], [49.46610317748209, 81.65379038372181], [2.5762479319006437, 82.70642326634025], [31.148544811201116, 65.92597943876017], [13.664491726525284, 38.52031273727462], [40.455856722410445, 31.430160404165864], [99.32577053922721, 49.94519368036679], [30.688738493235203, 11.258708040080656], [71.18173082666233, 78.84416143782441], [12.26613010981098, 80.7869564785549], [51.223712668308906, 42.64151236971515], [49.64900087045644, 92.88282933127219], [49.69793024959458, 59.11545609166778], [69.06306567872701, 2.231517912900771], [46.058773805062536, 68.15449218522049], [17.59104125945179, 36.613563998543874], [80.33146847140715, 7.35703554853977], [91.9725726278714, 15.903053560250491], [59.284142404705776, 86.45017584461182], [60.85046128866479, 80.13099460534472], [97.37486482351633, 46.1623843144607], [21.19143257227787, 37.09208769831791], [24.4184002405197, 69.2382225516731], [26.523038358525675, 30.792727120273845], [11.069640975173689, 19.6810706525017], [26.981168457281292, 54.789268229688496], [65.89042460042673, 11.75955157287245], [88.39054569765398, 74.15477395506436], [81.80215203831973, 49.463357435805285], [19.80904602115573, 96.59489079929092], [96.93334032768067, 79.25404722157353], [47.03754479493374, 59.401263760917246], [93.20026598576699, 23.285430988918264], [58.051921499009396, 59.185665702481515], [26.357942670959723, 30.872889794561566], [35.321983473571514, 16.68728876863571], [19.157820523275216, 83.75258402647894], [9.748309323079107, 14.127959767259146], [45.48308395307207, 37.97254332042305], [63.87969229841549, 0.8662186973855013], [93.42554611833305, 55.65793610924531], [57.87891070769664, 91.06236811185366], [74.04130093249914, 84.58949877673959], [53.519926791751104, 65.52093598799348], [55.47139519347877, 32.86190326903393], [21.277938643075267, 42.55159387196892], [50.17192608690901, 85.4136157273585], [17.512739534908018, 35.09205972357303], [58.162866040979, 49.47761801461685], [71.07308030169546, 54.34707328664544], [35.533614823658056, 98.01827692940076], [86.5000930780314, 40.24204132776733], [9.248024827826818, 50.39857709128177], [0.37125043299853777, 65.52793604761776], [11.661134896588631, 96.93511241470391], [54.48750115249313, 53.94281028728841], [20.400928388455565, 49.0700704901959], [5.639473614061085, 41.11693879494235], [99.70482403307047, 99.99378813813944], [52.46545818200005, 7.803117626950373], [84.30981940311943, 92.01981897217188], [77.10006214155112, 63.01450128326981], [39.93204681748179, 40.01880760227681], [73.71755586940671, 39.52154213026103], [56.01475142564129, 84.59561839288138], [66.9759977751777, 1.384126590023571], [45.81025247174981, 20.37579642558658], [69.5788705620099, 81.31462406395431], [19.42470301011866, 30.993763911400286], [87.99388535671635, 92.98103637565983], [89.06191331456274, 99.49650746433764], [18.87647082293251, 52.25937133710132], [66.41726643656853, 29.460026593496824], [70.95134991447823, 38.54160596351276], [49.63354691465543, 49.54512912866925], [98.42488284071902, 96.091427190508], [17.110399311108083, 36.678703200976706], [35.4634947513768, 54.538186499416284], [16.036928407279703, 97.09900507381595], [57.64749298698708, 29.926860211781715], [87.29860794014117, 49.181877130177995], [74.01548014881058, 32.04655404496339], [61.849333723888456, 85.1974105261324], [49.88303988191234, 53.91425369908915], [56.732746645143806, 20.32703893688962], [57.95187241876744, 64.75387229459125]]","[[0.0, 67.87238164519941, 46.61056680791426, 60.243362665357246, 70.32387384216352, 26.1416939445023, 43.66107818122937, 54.28267640970003, 40.41543838109008, 63.052638857100945, 61.494092924415135, 38.380676229831785, 16.13438186386494, 54.99009385004075, 23.998826580089197, 50.058000517494975, 38.06553046682917, 47.20335739003124, 60.45595212764023, 20.21174090629958, 45.175271174318176, 24.226700867369367, 26.89937998955572, 9.212823696155658, 65.80806114089935, 9.22120775345127, 48.021259846543906, 64.3305430705244, 62.62408053468512, 20.327540601972085, 14.733271845675391, 46.89870560813838, 44.94670512423734, 30.83828255567912, 45.797921392478685, 64.33350810284863, 30.515343243363084, 55.83500618203904, 34.109893155657645, 31.667849479102465, 46.37820382991596, 43.68232085944713, 10.804537181912552, 57.62323203675125, 7.919127809944036, 45.838841263532146, 53.65617205948733, 39.882371036070545, 69.3424675346816, 30.164478672886776, 66.26246996318609, 39.805400084872666, 24.665289495232766, 26.128935486309697, 1.9184924649529373, 33.68943498832139, 41.50299460784152, 19.50696622994356, 49.044251508089395, 17.337767538699968, 20.069643712957365, 37.07631024482375, 40.93402626653049, 48.65043388307922, 54.777544744676426, 53.043576511907425, 12.623727286962245, 38.88816665071386, 55.65118803320423, 55.718901868315605, 58.80740009512501, 38.725290950823386, 22.24352163039412, 30.580186195566462, 32.797473550378804, 18.067141708041042, 66.23186801412015, 47.106899074047206, 20.652001462165973, 50.395977955031235, 42.166830269398716, 47.2888795698201, 38.976964412674334, 38.766445165058, 32.16326202396492, 17.873678869203896, 52.40570872697581, 48.357741133797866, 23.052384068463198, 49.62109120764831, 36.70863221812994, 36.549482279158454, 39.329106991309025, 19.818226279446176, 13.685117127083192, 46.25012083160715, 3.337028945341016], [67.87238164519941, 0.0, 79.4329654624878, 25.157809481694645, 12.747907510869183, 63.95885611887575, 103.26732494455021, 94.92741375502906, 51.107943783768064, 56.68758787500748, 76.97547498508973, 93.79708620809659, 84.00605225612232, 110.69796605597752, 79.24980642991581, 74.82857460676261, 48.2786661289284, 50.65159514202645, 49.62636296046656, 76.05476931866416, 102.72606823475162, 48.57560097747364, 94.51229329403027, 63.383776688168574, 10.654038116304319, 73.07706523252989, 70.4669870150723, 4.146424043059447, 17.639985054083716, 85.64673599976099, 79.1363537202794, 46.40931129051028, 67.55523626473972, 86.05214254506431, 59.850590876072786, 70.5344051410638, 73.69275333761784, 16.18527503506979, 71.42530059512238, 46.248464484389515, 110.8764322804371, 77.92678757594318, 64.93108755051898, 24.166098942166617, 59.95346697511635, 60.034057725196604, 46.33199688562927, 100.69623452088099, 70.75758274021516, 48.71554427426509, 15.968326093115719, 54.17012077004645, 90.46123382134523, 81.51963287172691, 67.52455984523806, 38.22888608410306, 70.37594540356015, 87.28390847169767, 69.82948010777838, 50.97160216187369, 51.800708444201604, 104.52790769711905, 37.6038843265091, 84.73766452556825, 100.81952960735947, 115.75416716744826, 56.58908553478602, 74.90418330019537, 83.14381772711019, 98.7832396066242, 27.57756547336461, 88.8769636848731, 59.80540343179696, 54.12727579497348, 36.74220108713922, 84.70079117175099, 12.829444126368902, 37.935227468234395, 78.69965931809018, 66.31783260027971, 90.10242617174156, 96.68981781038065, 78.07692784526466, 29.355998037154098, 36.3380818332542, 55.17180499742334, 94.70350045112528, 70.92142679103013, 67.69759997059172, 113.37436615949369, 34.57965974031698, 46.54755267987435, 29.331933951464865, 83.84817525152275, 58.758042300876774, 28.58526253392847, 65.21136948383281], [46.61056680791426, 79.4329654624878, 0.0, 86.46800333857169, 88.42131946500568, 22.529262857590325, 37.32871417209591, 15.712893933207766, 80.24557084051945, 36.186531464665954, 19.138894226787134, 82.63233705060233, 50.59801614849396, 37.66523754553188, 26.532007526910675, 8.029694082216805, 31.289687075573163, 86.34472528187737, 39.433190708876644, 66.51227525217733, 34.269530202046006, 38.372117047193015, 59.06352326696026, 38.751092776928395, 71.41173745748448, 39.46437868279483, 10.90394225673014, 77.85370672142152, 84.65669452523127, 61.08700091510415, 58.43179099090323, 84.32689405834925, 12.46229298683172, 25.398766153511442, 20.714816120774127, 26.918147646125043, 16.198385567194613, 63.25324621370102, 80.24783029679861, 68.81609809667503, 50.522855149260195, 90.04290470492946, 36.34557452674253, 83.45301357022738, 46.749789285156595, 20.546671190603874, 37.235293206878616, 37.724158344073196, 32.56607970634731, 33.54330721992408, 68.32739512883656, 80.89384372178064, 63.191759009608305, 71.89501186055607, 44.706927947390604, 44.569022636081385, 9.138831424968888, 53.76195757339019, 12.274789645545942, 45.210538581094895, 58.549002302279156, 56.18706220922973, 73.71968249658948, 5.425826556856127, 22.84248004921852, 50.42784359067586, 42.097188162237366, 7.779773597721595, 9.173840575281188, 101.8235705515061, 55.25546306182542, 84.54462467027454, 66.13946213926882, 27.659710770543754, 61.07184925853513, 57.40509443835116, 70.32758330209921, 41.91858557774359, 66.37677950429638, 16.790305604356515, 88.17487712302432, 92.6489942670187, 8.174939126533403, 56.03086424375422, 58.45054926502381, 36.70912485842074, 98.72070944403978, 10.652387871681443, 23.803566957986718, 50.66084481247561, 47.58771733494853, 74.29732310072976, 62.66263890495558, 62.26512825605446, 37.567876727287306, 50.938155123709116, 48.46165387615658], [60.243362665357246, 25.157809481694645, 86.46800333857169, 0.0, 16.23402651909004, 66.44265877501073, 101.70494228491185, 100.69726252089089, 30.390519859152935, 73.16628303191541, 89.36088210071674, 76.76312569693197, 75.42787349844579, 111.28396630052161, 78.19069159719739, 83.97455468571648, 56.347769619299406, 27.794381855991947, 66.3101764655928, 61.738561035728004, 102.16730095810432, 49.22271111726845, 84.44203641079784, 59.17971423839652, 33.6692027560458, 67.81924017076945, 79.76201202691593, 21.72886271654114, 7.630483401919895, 73.90996196865373, 67.67295798573674, 23.85568803551351, 76.31347989573287, 85.63045636910967, 70.05446112152464, 85.03801955457179, 76.3249512079492, 31.977598825218912, 52.37758014135935, 30.642963567428918, 106.43552597995506, 56.918026616456906, 61.458373694027976, 3.016836149591276, 52.93844923418709, 70.22804608076112, 61.00670699503419, 98.4177343529566, 86.70769484968312, 52.94266238605742, 38.6935983947932, 33.41977931114715, 78.61714948300646, 66.02847919894764, 60.617938058496115, 41.935390525249296, 77.47035699164744, 78.00137971283742, 79.58116952016186, 46.614966386987774, 40.60702414066931, 96.90703356091306, 20.295208828387512, 91.23868058266453, 104.9878831390284, 112.6419974805218, 52.2239687388492, 80.24686294582348, 92.35491963973413, 77.73637175440243, 45.96090253823471, 70.66200179854218, 44.87658541798353, 58.85123498954839, 28.188081710227433, 74.0238952186465, 35.85368896410004, 50.294219245461655, 64.64722825348036, 77.12801291256353, 71.09812621686717, 77.47114371736619, 82.78426603365473, 30.491059078108147, 29.8856560567291, 53.814018562816216, 73.78651300473314, 80.24655587700762, 68.6237379694535, 109.5133226312793, 39.15995606746029, 28.234949296799787, 24.091316556166145, 71.56468183193273, 55.943124413110404, 39.384861870506214, 57.02105017842277], [70.32387384216352, 12.747907510869183, 88.42131946500568, 16.23402651909004, 0.0, 70.92670764292636, 108.96206730802199, 103.57344663011588, 45.96168354043808, 68.52025647161565, 87.7903017395946, 91.42327869816035, 86.2173473117256, 117.37234719335129, 84.93174654241486, 84.53935797464348, 57.162013337374106, 43.93072837415371, 61.4461575372686, 75.13822828149428, 108.85571412404704, 54.3680838850642, 96.06644297192304, 67.38113214802873, 23.317522345244814, 76.75604192031697, 80.18415165933763, 11.651627812051425, 9.266824943559548, 86.24400035345037, 79.80809128316413, 39.89522163294617, 77.04452857513591, 92.09224572973221, 69.75409697510575, 81.93621926002031, 80.87684695948941, 26.569000253240404, 67.61286506203501, 44.015452234688354, 115.31882855600948, 72.7878619595292, 69.29823354998182, 16.695269273125504, 62.54001288422312, 69.93674000895746, 57.523707229586314, 106.05282633786888, 82.55311140741684, 56.054797722282345, 28.667761837931156, 49.043578688158696, 91.04584314886013, 79.98636681845124, 70.32145510553417, 44.93618582555688, 79.28415312942822, 89.1750179206553, 79.70096973219034, 54.56814975772186, 52.08281835512343, 107.3997314452299, 34.04657459472919, 93.57639820018034, 108.88927488682539, 120.83840453283679, 60.35029877246415, 83.19520787966388, 92.95314268700734, 93.67818711887294, 39.5125553660582, 85.72568701106617, 58.303942474687666, 61.817352907821, 37.6066292804327, 85.84743578303438, 25.53084371188838, 48.152327852981216, 77.96031991310304, 76.51647911839233, 86.43587670379063, 92.9055080184315, 86.15559567446276, 34.25487526824129, 38.20142357674704, 60.272445873286024, 89.68843760049592, 80.6543815766681, 74.07118233696687, 118.10141301699684, 41.47113228811928, 42.80032025719909, 31.108166641134776, 84.13416250664079, 63.290971958673424, 37.794872565701496, 67.33695424202307], [26.1416939445023, 63.95885611887575, 22.529262857590325, 66.44265877501073, 70.92670764292636, 0.0, 39.95791698085086, 34.66271597427301, 57.76069116279827, 39.291430397060076, 35.39890520253361, 64.1987622628515, 35.17215864216394, 46.741634086243735, 17.042027123222237, 24.30784586239603, 18.689656183885106, 63.93657541415551, 38.45049360819572, 46.332500804306356, 38.96956961306805, 17.222632941925852, 45.74112690194712, 17.28205928062708, 57.97058756193469, 21.55817002991602, 21.9287417430045, 61.554475209202295, 65.76364766524638, 44.068799359715904, 39.89107767455534, 62.06909065060502, 18.80501236482983, 22.65272290517029, 20.631106875830216, 38.41850922266755, 9.977689450374095, 48.461781228335944, 58.48672488011256, 46.41082406288989, 49.68125273480941, 68.39191919475569, 15.337816682516173, 63.44222017706474, 24.675071515969293, 20.63051092843475, 32.73333136327514, 37.97652164836022, 43.62490236406535, 15.261058945797524, 56.294835807144786, 58.368426491572265, 47.32580463943364, 52.2558520917444, 24.24598763440066, 26.026851072274575, 15.696204250916526, 38.90972268369321, 22.911791023564547, 22.771589838315467, 36.02022632938585, 48.597938530445376, 51.92637876605462, 26.16161071943596, 38.54679244265025, 53.1107989171569, 19.624320228085406, 14.994515840100158, 30.888896322992796, 81.81611082941349, 44.983726452343305, 64.86690122993087, 43.86812580405453, 10.440816308354167, 39.583942720766004, 40.77512051915823, 57.48989276473807, 30.856945589535215, 46.7548809526697, 24.381961876710434, 68.29746138740626, 73.40389270248647, 16.757090577199538, 36.892139984347274, 37.18689428061552, 14.242744071441267, 78.43084623609342, 22.283349140495872, 5.118148390356554, 51.4570592413724, 29.586142239354956, 51.907808917823196, 42.35185030745671, 44.497292198871435, 15.172427124690772, 36.08167815408529, 27.27797922053899], [43.66107818122937, 103.26732494455021, 37.32871417209591, 101.70494228491185, 108.96206730802199, 39.95791698085086, 0.0, 29.660033481684476, 84.04657227594161, 72.39064871743223, 55.99589873101017, 64.77175168409089, 34.50159334539875, 12.503353973346496, 24.06918659833633, 45.3027007151482, 58.217256624704184, 90.83962418912128, 74.21411501300838, 56.36874126973582, 4.0914484570186245, 54.80962818539176, 35.78864958232021, 42.558282766981925, 97.84282751825985, 34.74981572850512, 47.258186288267176, 100.53845188727895, 102.61701312150123, 44.331808000666655, 45.965839862894256, 90.53840711516288, 47.11472065159151, 17.32712178417232, 54.2409419519114, 64.24359160660998, 31.37763625155758, 88.18618014296284, 73.9907383798989, 75.08323282484957, 13.655525555178562, 82.02805985913882, 40.246777329054204, 98.85677151379016, 49.565527411090585, 54.12781410848436, 70.11519636769168, 4.126644117164788, 69.8744399128071, 55.02431039409802, 96.25256246709473, 83.29309739667646, 43.45814010337956, 59.01507331955637, 42.6095311138652, 65.0409074451432, 41.72105020452545, 35.17736819645605, 48.773480765739095, 55.122648136447864, 63.31095230643525, 24.948532018985272, 83.6974707681303, 33.900777019843204, 23.428139385019815, 13.558308961013859, 49.48102701188921, 35.14490946454097, 43.70648716556714, 86.2075243604696, 84.71830707079798, 69.76399474849406, 65.45720258187164, 50.36903817942916, 73.51767735602324, 40.99095033213139, 97.42177642274578, 70.50010729126774, 54.604094229411366, 52.99104516642635, 73.53747814200946, 75.67569624258088, 31.776495586844042, 74.79031522843968, 71.94143653184962, 48.691506540637356, 84.2940135259801, 47.16951641449842, 35.69118449468803, 13.334580810008001, 68.69277230809661, 80.1318773806602, 78.47151487488686, 46.83863590037799, 45.912218606751985, 75.94811004886816, 46.95749328810594], [54.28267640970003, 94.92741375502906, 15.712893933207766, 100.69726252089089, 103.57344663011588, 34.66271597427301, 29.660033481684476, 0.0, 91.54430641043997, 50.45829139892309, 29.41217357587963, 86.45260008937012, 53.64983435340145, 25.388157020606773, 30.72939271166976, 22.326894063750558, 46.66275426924358, 97.96057012991487, 54.46682765085221, 72.7878715000741, 25.744877947912954, 51.7109474785177, 59.73330174385528, 48.086532178537205, 87.07305732572168, 45.71316775664862, 26.147469861369743, 93.21746558584019, 99.37717927822536, 64.57566476560942, 63.44291171114315, 96.38031862294238, 28.140341742067434, 25.69698078737017, 36.379402532298485, 38.816009605697644, 25.464419615741143, 78.76999970017057, 88.36171916211327, 80.54340904273961, 43.25812654814735, 97.77739264691263, 45.44017365315046, 97.68256303835767, 56.43790297439286, 36.20807128298415, 52.78682997715492, 31.695273129292108, 43.960832125387505, 47.92445319140905, 84.03572181337873, 91.79651654393795, 65.57312777988815, 77.35699541066501, 52.51740793856107, 59.12952593409938, 24.577178500967538, 56.06525266568337, 27.323444667618034, 57.06212570832112, 69.49300356957659, 52.948846119238, 86.56025630720912, 10.29246936732647, 8.290890137573363, 40.846971119864726, 52.951934457116714, 20.496931996510035, 16.70325191281831, 106.93734328014784, 70.9663921754173, 89.64702623153148, 75.66912113152515, 42.021550213347915, 74.24202725533152, 60.821547584245046, 86.01607670478937, 57.5902487310614, 72.04236603863238, 31.78083018324492, 93.41763326942613, 97.05354309514748, 17.964174170275193, 70.51641524859667, 71.80992268635538, 48.61738642954501, 104.25210666654162, 25.804971320284718, 33.93461847491416, 42.28820632315423, 62.3504442633568, 86.04144468929627, 76.66227170755003, 66.33952242147274, 48.359844726732796, 66.36525888063322, 56.79410515113715], [40.41543838109008, 51.107943783768064, 80.24557084051945, 30.390519859152935, 45.96168354043808, 57.76069116279827, 84.04657227594161, 91.54430641043997, 0.0, 80.45061846461037, 89.48526340884379, 46.81394377019621, 52.40139300269353, 95.37081216375918, 63.33780059393908, 80.63681171345084, 56.70332289965242, 6.794120630462934, 74.8242595114496, 34.18264454867101, 85.57965751991166, 43.006803747138534, 59.23613320457449, 43.85636901220948, 55.781226537814995, 49.518022493846914, 77.14558116415678, 46.98603475766615, 36.697865003229715, 47.83347567368707, 42.38629257080727, 7.73419083405246, 73.5246462798248, 70.6380904737165, 70.01972318606872, 88.35120258588314, 66.12090528713942, 49.04245839431941, 22.070882233096103, 11.687650241111973, 85.45982597371962, 26.94844378980836, 46.52979092244337, 29.29952578154188, 35.63019551398972, 70.15178689720436, 67.99199957113937, 80.21070599672895, 91.76404146565208, 49.7753128992481, 59.385149625843944, 3.0943306938117767, 52.14036625850583, 37.23202281500085, 41.60751048451411, 42.453374493016696, 72.48509373063712, 54.01466129784901, 77.5511538877878, 35.04046537034773, 22.06273588934607, 73.30832672386603, 13.980055852949922, 83.84578809995925, 93.59336209249142, 92.70169141220897, 38.60170905342924, 72.74932706382026, 88.17474222471267, 47.871807041252715, 60.44611851278944, 40.39543891619184, 19.07016045065417, 54.59893721102589, 23.344812476427464, 48.96372374514197, 57.464296683952306, 57.18785225405571, 37.10828043632062, 76.74050545750306, 40.71348309893027, 47.0823739254912, 74.18955219156592, 35.282662085470896, 26.19607223834143, 43.53799148785118, 43.83565939587343, 77.60249651252808, 57.63493241645378, 88.96572222055964, 42.04517824091893, 6.695796275226433, 28.01266204572135, 45.144541024777006, 43.202734923246524, 48.586092320942626, 37.16239449702222], [63.052638857100945, 56.68758787500748, 36.186531464665954, 73.16628303191541, 68.52025647161565, 39.291430397060076, 72.39064871743223, 50.45829139892309, 80.45061846461037, 0.0, 23.481585584509336, 101.23436099324945, 74.35517304852176, 73.84957392970315, 54.51879939850971, 28.40541629185423, 25.74910183311137, 84.69377243435095, 7.0752630434952986, 82.08397040910366, 69.79476138232683, 41.27985700389765, 85.0306629784528, 53.90360006455796, 46.44117372215336, 60.531137771428334, 25.419005206071144, 56.87028793056, 68.4432035533239, 82.60749666314437, 77.69276022127326, 81.29095947982596, 25.285399804769806, 57.31742874624835, 19.084967225439087, 14.774334135961125, 42.99289110444972, 42.24573842496547, 89.80201951758744, 69.2192532067428, 84.75572982514726, 99.52006392535824, 52.92551415647491, 70.47672997253254, 58.45776399058725, 19.140119398346336, 12.610367654976285, 71.96659918128735, 14.070073903943285, 33.99004417288456, 41.72706973871336, 82.35170828242616, 86.22367760822797, 88.4294525430829, 61.358995392038835, 38.09501394330797, 30.716922523906, 78.1287719276407, 23.963943173316398, 51.005933352130576, 63.63150105659859, 86.9092455254346, 68.9388024519654, 41.078115684434295, 58.436584171020364, 85.84963928099201, 52.12168808609114, 37.285455545409235, 34.29737181555304, 116.36592254035334, 29.11384981643184, 100.47505442442831, 73.94238247136347, 32.47264410440993, 57.17318196465513, 79.55294858649513, 44.59490425763374, 23.721227891868846, 83.21477448122133, 19.5292140159549, 103.4924840399119, 109.30673550467489, 40.61426971346881, 46.22669408176701, 54.2796394916084, 45.723099546285496, 112.5870593298361, 25.60072122080586, 44.22074089029819, 85.51211474124648, 38.47335591766437, 73.75486095072189, 54.24039151124561, 82.63333419946207, 49.5120839915702, 34.13759367243465, 62.990026037644874], [61.494092924415135, 76.97547498508973, 19.138894226787134, 89.36088210071674, 87.7903017395946, 35.39890520253361, 55.99589873101017, 29.41217357587963, 89.48526340884379, 23.481585584509336, 0.0, 99.14119034379026, 68.16965370123967, 54.48061590833798, 44.67429424834399, 12.168276194159594, 33.682020338762705, 94.8937984518546, 29.311676569839175, 81.70403876892536, 52.661497836074005, 46.545889599171566, 77.36151950799622, 52.67154447035592, 67.43623326739687, 55.7953652451145, 13.474429564334843, 76.37652735623858, 85.97489979235593, 78.18561831115937, 74.73797957784379, 92.19190736158951, 16.718915947516965, 44.434314342810694, 19.758086673986703, 9.658750987625439, 33.15573384246201, 61.28196931444201, 93.44852425144016, 77.7976883847087, 69.4054743163972, 103.39434165086968, 50.708454742122306, 86.44106768083222, 59.69329710423463, 19.60417440754301, 30.7304694098855, 56.692777462776846, 14.549947724586056, 39.74295767582931, 63.27328888911651, 90.70789107353812, 80.77459311571195, 87.54408401642138, 59.58615304868098, 48.765536487274304, 20.167599710716363, 71.57004094060889, 12.538350165545088, 55.41777009683182, 69.21097385886559, 75.27412631483453, 80.46592279432546, 22.123912236383795, 37.70090215827261, 68.70106461452572, 54.000724750795676, 24.684091822333286, 12.781803870285499, 117.20351228915463, 49.99418940816912, 100.19141572982274, 78.2613277210624, 35.00644017754776, 67.72664192553057, 74.62800653083512, 65.86071501830077, 39.71838832930491, 82.02094328898536, 12.780430904850823, 103.6600787785456, 108.64517433381944, 26.69315918720044, 59.516182219699836, 64.83908215556275, 47.67005922497238, 113.82972445982033, 13.137685324962204, 38.71116304642157, 69.30404857046803, 50.75995579655691, 83.0312510097721, 67.20401599435061, 79.02143271110633, 49.976882594332096, 50.47176903550266, 62.66522192356021], [38.380676229831785, 93.79708620809659, 82.63233705060233, 76.76312569693197, 91.42327869816035, 64.1987622628515, 64.77175168409089, 86.45260008937012, 46.81394377019621, 101.23436099324945, 99.14119034379026, 0.0, 32.80612841196319, 77.20186419650126, 56.610551921184715, 87.2989146981872, 75.81998588543384, 51.533060439570164, 98.18471783372597, 19.599854236149135, 68.13728571269198, 60.835792643210155, 29.084875669962937, 47.5919620030445, 95.28352513739307, 43.39639175186735, 85.75973859949289, 89.71622889247038, 82.27183183126292, 21.88870718454894, 24.403238641388196, 54.30151707250321, 82.89733906356247, 60.755951695450726, 84.17319847737467, 102.58806755463716, 66.58501610780802, 86.21095197547525, 24.969643271591735, 47.708912975363866, 58.626084687991664, 25.67214953639542, 49.024105567292985, 75.23126563347243, 43.00408175081634, 84.21210202567171, 91.19904568700423, 60.74942852484322, 107.67648755748974, 67.64792159431343, 97.28175938116532, 44.02650010265632, 21.409680044274797, 13.214893925938291, 40.18657384236741, 68.1745645405866, 78.97571165908329, 30.56447291007529, 86.89361461923376, 51.71389035255558, 43.33572664941805, 42.910578829423365, 57.38099259227072, 83.44615022227933, 84.18747482362173, 66.77230889365765, 49.314373037369144, 75.30033064584606, 91.8031061031913, 21.4737797832026, 92.95108923166508, 7.737426490322022, 34.06478339888652, 68.81329439435962, 57.724590020940596, 25.647300011853876, 96.35268026507558, 83.32879083980673, 18.058345707087152, 88.5768931116585, 10.391651241125727, 10.905797486941271, 74.5218500889111, 68.65290071196875, 58.98800548582484, 55.555766679991784, 20.01466419819961, 86.05568411652766, 60.44776637811917, 62.3964278190017, 70.27086591243084, 48.685263615585605, 65.15657498030727, 20.385989812466313, 51.730907657446984, 79.73591962772804, 38.24573112405872], [16.13438186386494, 84.00605225612232, 50.59801614849396, 75.42787349844579, 86.2173473117256, 35.17215864216394, 34.50159334539875, 53.64983435340145, 52.40139300269353, 74.35517304852176, 68.16965370123967, 32.80612841196319, 0.0, 46.90166906344753, 24.143259548423973, 56.05579609961704, 51.0254598166884, 59.0882520838101, 72.85641387450538, 21.896632138561078, 37.210071180456005, 39.05185049347075, 11.230528360308728, 22.53952653566048, 81.80426824869555, 13.92267737557019, 55.178270769446414, 80.45295863898717, 78.29405684958641, 10.926994452123608, 11.485752765330377, 59.62289281165168, 52.775016286640145, 27.955925078782798, 55.796343783220166, 72.90340390227095, 35.03248264020462, 71.7980706784816, 39.640225439614234, 45.627229033821344, 33.20809420610776, 47.52785888210692, 22.38465628317915, 72.9351929796756, 24.052710927087478, 55.79145944175843, 66.48836329991539, 30.380864572986976, 78.34054473326094, 43.86246444452211, 82.0632883226234, 51.07070650705499, 12.6212782794269, 24.74992380729747, 16.634376358895334, 49.1600628601087, 48.20326121604772, 3.825502920417739, 56.471339723286306, 33.33076285701023, 34.82123287688193, 21.492106728591068, 55.55582208758444, 50.93507812985988, 51.67540753658137, 40.77664073625903, 28.16225941802918, 43.66329336658447, 59.6993282677457, 53.48162853576706, 73.91155523374455, 36.35297937046298, 33.33254845039725, 42.71264475406416, 48.6133654518992, 7.179076954149074, 82.15725977888845, 61.38695128376927, 20.11562690190366, 58.89757215872299, 40.15839266470206, 43.430297411261634, 42.423548633687304, 54.87741716249047, 48.169246131029695, 32.109097853985745, 51.04319212860858, 55.40442256520695, 30.51768367267411, 36.82477946491785, 52.36993836379644, 49.85703126904265, 55.34934332808138, 12.880281149072397, 27.742669873204026, 61.75576532039454, 18.910724762305303], [54.99009385004075, 110.69796605597752, 37.66523754553188, 111.28396630052161, 117.37234719335129, 46.741634086243735, 12.503353973346496, 25.388157020606773, 95.37081216375918, 73.84957392970315, 54.48061590833798, 77.20186419650126, 46.90166906344753, 0.0, 33.13547108476737, 45.55613585606045, 63.75045015709985, 102.14581875304762, 76.77947731401804, 68.71411317666444, 9.878166295988105, 63.02200338322, 48.1601838619071, 52.697122091117485, 104.38729484829439, 45.85290344678135, 48.47675416269077, 108.27467178705608, 111.59925211772678, 56.83133800031561, 58.33109612494476, 101.59844756431968, 49.26654756026126, 25.660710199904315, 57.170627242341936, 63.5950689714714, 37.080556781022, 95.09018650892801, 86.23934372994975, 85.9176658626897, 22.132755372950264, 94.42022974839793, 50.198977861266904, 108.36773953285608, 60.25592414113509, 57.0288014676075, 73.69402496804642, 16.61454188170948, 68.95247726147069, 61.98480936780742, 102.25424868965955, 94.79037735157954, 55.930370321987624, 71.48985783841103, 53.764294738885894, 72.67993380284481, 44.29631541276885, 47.67260712459656, 49.90216825940041, 64.76129717092978, 74.1354758261292, 36.34062320650111, 94.05549169259992, 32.98953669605342, 17.319423694048734, 16.881669527683552, 59.34748219209601, 38.0673542744899, 41.702141074248146, 98.65502156328108, 89.99688047419467, 82.26248260911066, 77.08158454353307, 56.724670483509904, 83.22271116586118, 53.47188713592104, 103.73352262690943, 75.85701148155641, 67.01707651287536, 54.388138192833836, 86.03336828105405, 88.10038163400678, 34.535781987369155, 83.13154877875871, 81.39831483833075, 57.567880075937374, 96.77871224568936, 48.2679248645432, 43.301507663390105, 19.706251037301115, 76.27925214727463, 91.11406850207922, 87.57845767806481, 59.325405323796936, 55.379794085848964, 82.60819536945968, 58.213004334974215], [23.998826580089197, 79.24980642991581, 26.532007526910675, 78.19069159719739, 84.93174654241486, 17.042027123222237, 24.06918659833633, 30.72939271166976, 63.33780059393908, 54.51879939850971, 44.67429424834399, 56.610551921184715, 24.143259548423973, 33.13547108476737, 0.0, 32.507886421923466, 35.72936587570535, 70.02513564018203, 54.669205079522825, 42.06584610713859, 24.02902876798354, 30.743759873842617, 32.694626936667476, 19.760134827560613, 74.1248630466407, 15.075848158910393, 32.295875920859096, 76.4805934089259, 78.75186012590403, 34.82606050143483, 32.9239471861611, 69.11240955581577, 30.504711063015485, 7.501053284793526, 35.436432219090094, 50.415810693727835, 11.890894088733306, 64.35060309771323, 57.83043943008065, 53.26167335271562, 32.698109377294784, 67.12135809091093, 17.176502413464284, 75.29032124270277, 27.734878879662926, 35.37893387978655, 49.4152430852745, 21.48407084506873, 56.044668977845554, 31.4145444536728, 72.82925568447541, 63.117807357554064, 36.692649079691066, 46.77729664869787, 22.375048422666836, 41.04673170516896, 25.373032273484046, 27.2333803130946, 33.71447449591331, 31.627869751927236, 41.56969571468165, 32.3904985642692, 61.02014890529645, 26.846470889162592, 30.779868222326296, 36.624110543464376, 26.235533652158082, 19.990821024979407, 35.583721151776174, 76.55441862051083, 61.908625092574, 59.22000994455151, 46.04366025862143, 27.35564768122687, 50.093063512347605, 31.094752773888853, 73.81908394875896, 47.851696355061435, 41.39686365793661, 36.8470914486711, 62.955292451028136, 66.93981329016567, 18.367906167494052, 50.73113878083783, 48.31321977183156, 24.698735992886682, 73.72964055741345, 32.44183558942057, 12.177874240424414, 34.64272618578266, 44.70045681579999, 58.59346850549316, 54.638718966065014, 36.24812403444795, 22.254502034410436, 52.28589444939281, 26.828943437935433], [50.058000517494975, 74.82857460676261, 8.029694082216805, 83.97455468571648, 84.53935797464348, 24.30784586239603, 45.3027007151482, 22.326894063750558, 80.63681171345084, 28.40541629185423, 12.168276194159594, 87.2989146981872, 56.05579609961704, 45.55613585606045, 32.507886421923466, 0.0, 27.713669884182217, 86.4198043991728, 32.140629561971885, 70.24418529477842, 42.28976931083222, 37.78464455521774, 65.19331337462705, 41.50383863673117, 66.22596640097498, 43.904146762428915, 4.365029437148924, 73.59100239461712, 81.50887035858399, 66.16966302987568, 62.912356250937655, 84.05847858502007, 7.661244367422405, 32.545914208896946, 15.001926574790515, 19.01710526737624, 21.0241002653051, 58.682931101364005, 82.7876679728219, 69.010803357442, 58.39873427190769, 92.69810285221321, 39.36717905512876, 80.9817325629889, 48.96223784697544, 14.819135418218487, 30.75268905947148, 45.564624735087854, 24.704723597540703, 31.823306908825508, 62.76461715361591, 81.58139452431806, 68.67009850603023, 75.9455659813883, 48.14030909919141, 42.18808807241024, 8.614859345228254, 59.42873571680232, 5.15382672590732, 45.82758836738091, 59.5502509791544, 63.389796403246706, 72.85594810017119, 12.67274019030518, 30.10186009138496, 58.44914250818609, 43.63910550495783, 12.517067050452397, 8.434653673313298, 105.74463088630766, 49.48798918247341, 88.61692552730076, 68.00027107597779, 26.310262965559144, 60.06141001713505, 62.58177280838373, 64.97086269043058, 36.91305197452971, 70.41143971318067, 9.477814687991467, 92.14569537774653, 96.96838405128223, 14.694436270604527, 53.52517187843221, 57.28686214524335, 37.620732416989384, 102.46344285265057, 3.907147906807302, 27.051225715989133, 58.62671448805019, 44.81463852566128, 74.40196251352725, 60.69721043963297, 67.08599299631366, 39.3542456263606, 46.753286443959034, 51.47399086555133], [38.06553046682917, 48.2786661289284, 31.289687075573163, 56.347769619299406, 57.162013337374106, 18.689656183885106, 58.217256624704184, 46.66275426924358, 56.70332289965242, 25.74910183311137, 33.682020338762705, 75.81998588543384, 51.0254598166884, 63.75045015709985, 35.72936587570535, 27.713669884182217, 0.0, 61.71282856925504, 22.411695361557236, 56.49926400839316, 56.839722071997535, 15.544810534935662, 62.13649827268424, 29.18718075433614, 40.87704891015336, 37.14928296212531, 23.44498792871014, 46.57874786500048, 53.80579025185242, 58.15244140017717, 52.798779789921234, 58.79465880976622, 20.079229530051077, 41.068839449859176, 13.94739218464936, 31.647919140692416, 26.966926822439405, 32.15353938426026, 64.21158003216362, 45.1077857085926, 68.35739081915563, 74.00560995429863, 28.73501767666176, 53.369554296321894, 32.86319476233396, 14.108923812056696, 15.611179282708386, 56.49108212499085, 35.246554642432166, 8.250805285039734, 38.50753959612569, 58.24751591541182, 62.125381336994764, 62.8800232108638, 36.508230670405545, 15.083642902403701, 22.169321690941764, 54.85084732733746, 23.23351314168703, 25.283372109133282, 38.24394430190333, 66.76979652273992, 46.87985651624819, 36.52026291220599, 52.62541178184112, 71.5544180531807, 26.527465958367152, 26.70892319662645, 36.138818579740104, 90.6168371519475, 26.504106806579003, 74.79489800907922, 48.37735399510411, 8.604605598754677, 34.23172634242508, 55.39535294170531, 40.075953256525956, 12.282854587247003, 57.76339368255864, 21.0356808392061, 77.77129611427549, 83.63956204784472, 29.992097690680207, 26.03605618326867, 31.31369928595162, 20.307193039772034, 86.84173772742952, 23.928175509906463, 23.641162155625878, 70.06198127591114, 17.257238160317797, 50.093580310922, 33.56528363714808, 57.86707219041654, 24.380447773115456, 19.703209177031784, 37.637485827340385], [47.20335739003124, 50.65159514202645, 86.34472528187737, 27.794381855991947, 43.93072837415371, 63.93657541415551, 90.83962418912128, 97.96057012991487, 6.794120630462934, 84.69377243435095, 94.8937984518546, 51.533060439570164, 59.0882520838101, 102.14581875304762, 70.02513564018203, 86.4198043991728, 61.71282856925504, 0.0, 78.78887192540961, 40.33902959652108, 92.3612219722051, 48.65338356275682, 65.66141941820939, 50.46797246279469, 56.50155892288828, 56.29344094223036, 82.81484359951082, 46.63190671745149, 34.82724254776998, 54.18436773161745, 48.90329231666118, 4.256251849970839, 79.1844498807641, 77.35202058186164, 75.27984317405577, 93.30091933240934, 72.50659631119419, 50.754956617151265, 26.56469309841139, 17.530241627881797, 92.1905836806028, 29.40633636169299, 53.13638878258924, 27.35442839466423, 42.295590051282815, 75.41920630267606, 72.12886383316697, 87.00482660045115, 96.47277234078423, 55.15776695494834, 60.54064955080883, 8.212677655650726, 58.382053947457685, 42.8897689304118, 48.381598463173866, 47.0642650876833, 78.39725366246405, 60.61443216715158, 83.1503916434081, 41.165560043987064, 28.593549092865224, 79.87778454556668, 16.08257342331701, 90.0788866991872, 100.17394326439452, 99.46426898648673, 45.01612311309438, 78.9296937097959, 94.10133004305737, 50.05002985763131, 63.02256300967797, 44.67385009116385, 25.783500828976422, 60.217502091221974, 27.648384585968707, 55.46617265879309, 58.34967896088594, 61.14131114100763, 43.23099837900248, 82.1178256079594, 44.50275697396304, 50.60315664902572, 80.48257726408332, 38.76353586621948, 30.58021514976905, 49.693834027975484, 46.15502644152425, 83.27885107166877, 64.02722742583272, 95.71056970162411, 46.236484453092196, 12.051360601220354, 30.999550003915374, 51.45096800755996, 49.601784769139144, 51.878712154895666, 43.94424203444148], [60.45595212764023, 49.62636296046656, 39.433190708876644, 66.3101764655928, 61.4461575372686, 38.45049360819572, 74.21411501300838, 54.46682765085221, 74.8242595114496, 7.0752630434952986, 29.311676569839175, 98.18471783372597, 72.85641387450538, 76.77947731401804, 54.669205079522825, 32.140629561971885, 22.411695361557236, 78.78887192540961, 0.0, 78.78753669898292, 71.92753179813143, 37.50420739014584, 83.79730739094316, 51.49386085062111, 39.42181056891514, 58.93528857125554, 28.538016635748804, 49.7958199843816, 61.45956615167668, 80.44534763092265, 75.18724212734624, 75.26822744295852, 27.523850099920207, 58.31758949753862, 19.97325609503044, 21.35053112684355, 43.68816482747444, 35.20524888469871, 85.35463468516451, 63.81360575677473, 86.02692483287053, 94.93004488891005, 50.84278846428778, 63.657938502103995, 55.18819669984746, 20.08661042465977, 7.136977495708597, 73.40520502499287, 21.13608713324775, 30.53689003435454, 34.77992595212997, 76.85830133515984, 84.30853827402755, 85.18714421856119, 58.86979311152317, 32.87671086380748, 32.677329412107156, 76.67166968912953, 27.232987368609926, 47.06923373235852, 59.055078383860625, 86.89473873899254, 62.88832092729919, 44.627721786208184, 62.16348760177989, 87.76386480320404, 48.87037639267551, 39.18594348852648, 38.974089018187385, 112.4150101332147, 22.049186504412276, 96.94110251554753, 69.51743016697662, 30.20897342851163, 51.48074315315369, 77.58678593128555, 37.60681514046002, 17.657335179226216, 80.12661070000887, 22.7233563896053, 99.8119171523789, 105.798567031679, 42.6683027352921, 40.09757730936473, 48.63573169551811, 42.71716055518012, 108.55770580441744, 28.819220130407192, 43.54206647641748, 87.08175545793051, 32.79137614312907, 68.13841847762428, 48.05560408538935, 80.23661521057257, 46.775172701628065, 27.57761747995468, 60.04174439553346], [20.21174090629958, 76.05476931866416, 66.51227525217733, 61.738561035728004, 75.13822828149428, 46.332500804306356, 56.36874126973582, 72.7878715000741, 34.18264454867101, 82.08397040910366, 81.70403876892536, 19.599854236149135, 21.896632138561078, 68.71411317666444, 42.06584610713859, 70.24418529477842, 56.49926400839316, 40.33902959652108, 78.78753669898292, 0.0, 58.9476247222714, 41.33950033996344, 25.704915008406623, 29.168056189446116, 76.64193297331494, 27.30260057648751, 68.23038449523568, 72.0702911529993, 66.2860631178176, 14.121050435946056, 10.411103201284018, 41.882918051615846, 65.13267675377317, 47.73974391838876, 65.59984110451398, 84.34295855366814, 50.322237639281965, 67.29296250212654, 17.836301865227835, 31.241398664561828, 54.352931264007815, 25.75487134987588, 30.999483692626242, 59.76276783790171, 23.63997351007435, 65.65374998961613, 71.75930810871327, 52.25495053641981, 8