20,20,"[[30.490092175580862, 17.401553711455342], [89.62121469394673, 94.58974482034073], [23.87203087252605, 57.642984676574294], [7.854727275614026, 51.16680596340771], [13.730463924367985, 17.35126867354141], [4.706436360902577, 96.83592999957752], [58.91611232449622, 3.597860776186501], [3.3265052728135514, 48.3602533608863], [7.125166740450073, 28.314524729568504], [27.236096715944104, 73.71801955867889], [47.9704140779593, 0.23256634577056845], [38.7908952388664, 70.37180535507186], [61.3028853894945, 50.1989475613589], [33.57061210003926, 72.38513207184121], [87.33904029609165, 89.56116822617415], [67.31841675781176, 98.75601001948992], [99.29407039870375, 57.21227127787814], [93.89964828771934, 17.691858187874598], [0.2900846016884895, 1.5426895924316564], [98.01362284064669, 5.659243438990902]]","[[0.0, 97.23428663256499, 40.7819997245283, 40.65036289865842, 16.759703687830847, 83.5141727101022, 31.60032531727692, 41.18618138900313, 25.787839712379935, 56.41039631107756, 24.50175056957798, 53.61670346714266, 45.0010807535674, 55.06980563174051, 91.86301143181267, 89.30214472626096, 79.49138728492197, 63.41022065114951, 34.11076118483452, 68.53691738042286], [97.23428663256499, 0.0, 75.41895158581809, 92.58137006820164, 108.28290839209114, 84.94448144058241, 96.03294368821172, 97.89761363116867, 105.82061578929655, 65.78397875263855, 103.14100213607887, 56.304795247376084, 52.65425581929181, 60.28859658717371, 5.522218987474612, 22.68859981333594, 38.60880295868471, 77.01681610243268, 128.9876168093105, 89.32562113100059], [40.7819997245283, 75.41895158581809, 0.0, 17.277005100436902, 41.54845073685695, 43.62805262759148, 64.41244493279686, 22.545237254189548, 33.77300728572059, 16.423266589193865, 62.26305651053272, 19.611103738612137, 38.16389076657622, 17.646342047303936, 71.04105662415861, 59.81529318945428, 75.42326935581703, 80.6223276057245, 60.85516657152906, 90.5499034379569], [40.65036289865842, 92.58137006820164, 17.277005100436902, 0.0, 34.32222083968123, 45.77751222942021, 69.78588388302512, 5.327432028413508, 22.86392390131117, 29.73541181826988, 64.83490643974692, 36.412614433522656, 53.45692055901447, 33.33952751835177, 88.27164363430542, 76.16208183556083, 91.63897163134581, 92.3271388084463, 50.197377863632966, 100.99289428677729], [16.759703687830847, 108.28290839209114, 41.54845073685695, 34.32222083968123, 0.0, 79.99527773300649, 47.23239407579331, 32.70778939279211, 12.799333351307352, 57.96216630223583, 38.280858871076084, 58.64471440518922, 57.81094439959272, 58.500919652389356, 103.11397630230921, 97.45973836656947, 94.39295673681345, 80.16990783768118, 20.74981852694648, 85.09027165893912], [83.5141727101022, 84.94448144058241, 43.62805262759148, 45.77751222942021, 79.99527773300649, 0.0, 107.8518730508825, 48.495313540452834, 68.56408124394117, 32.280386907020485, 105.84886223824822, 43.15205939701532, 73.33598143877748, 37.82832484267259, 82.95221149535193, 62.6414143878138, 102.55171789571693, 119.24434224212919, 95.3955231137982, 130.4584961623167], [31.60032531727692, 96.03294368821172, 64.41244493279686, 69.78588388302512, 47.23239407579331, 107.8518730508825, 0.0, 71.37139624574591, 57.38654477727372, 76.94452583933472, 11.451354361281023, 69.74083479115933, 46.66216856536965, 73.30813784246568, 90.54033941961782, 95.52838367313099, 67.11843645144279, 37.7158925591162, 58.66203930268668, 39.15181511811435], [41.18618138900313, 97.89761363116867, 22.545237254189548, 5.327432028413508, 32.70778939279211, 48.495313540452834, 71.37139624574591, 0.0, 20.40247694046339, 34.852329470486396, 65.64566132523237, 41.740045242632455, 58.00552945880875, 38.625131648354746, 93.57147763487669, 81.45364954805302, 96.37495409801616, 95.6244984200523, 46.91592616271528, 103.87023867140415], [25.787839712379935, 105.82061578929655, 33.77300728572059, 22.86392390131117, 12.799333351307352, 68.56408124394117, 57.38654477727372, 20.40247694046339, 0.0, 49.65809951232808, 49.56743504289549, 52.64535321324908, 58.43075526377872, 51.39630348365336, 100.92282621092596, 92.65651729642566, 96.59289082088179, 87.42226085073183, 27.630590012767602, 93.66948928350449], [56.41039631107756, 65.78397875263855, 16.423266589193865, 29.73541181826988, 57.96216630223583, 32.280386907020485, 76.94452583933472, 34.852329470486396, 49.65809951232808, 0.0, 76.35459220227231, 12.029568504387372, 41.39677328178445, 6.473227495145424, 62.15600684325495, 47.259849198387954, 73.92422672963471, 87.08019215705797, 77.04132543381037, 98.19091206034686], [24.50175056957798, 103.14100213607887, 62.26305651053272, 64.83490643974692, 38.280858871076084, 105.84886223824822, 11.451354361281023, 65.64566132523237, 49.56743504289549, 76.35459220227231, 0.0, 70.7373763644168, 51.71454382525681, 73.57545132622874, 97.6190956944934, 100.40524966867085, 76.68640343815802, 49.13574489842148, 47.69832535726155, 50.33658279561689], [53.61670346714266, 56.304795247376084, 19.611103738612137, 36.412614433522656, 58.64471440518922, 43.15205939701532, 69.74083479115933, 41.740045242632455, 52.64535321324908, 12.029568504387372, 70.7373763644168, 0.0, 30.22803156190198, 5.595072878701417, 52.203007920006144, 40.24279511223671, 61.91774819509171, 76.23746779725933, 78.86545248958353, 87.72141776292311], [45.0010807535674, 52.65425581929181, 38.16389076657622, 53.45692055901447, 57.81094439959272, 73.33598143877748, 46.66216856536965, 58.00552945880875, 58.43075526377872, 41.39677328178445, 51.71454382525681, 30.22803156190198, 0.0, 35.514866815661826, 47.1939167476692, 48.92826312271922, 38.63310559554664, 46.03541909202939, 78.03840912980799, 57.71883130760283], [55.06980563174051, 60.28859658717371, 17.646342047303936, 33.33952751835177, 58.500919652389356, 37.82832484267259, 73.30813784246568, 38.625131648354746, 51.39630348365336, 6.473227495145424, 73.57545132622874, 5.595072878701417, 35.514866815661826, 0.0, 56.44519544344757, 42.82916673190078, 67.45212135588675, 81.43062578342989, 78.27033388849785, 92.76446435547174], [91.86301143181267, 5.522218987474612, 71.04105662415861, 88.27164363430542, 103.11397630230921, 82.95221149535193, 90.54033941961782, 93.57147763487669, 100.92282621092596, 62.15600684325495, 97.6190956944934, 52.203007920006144, 47.1939167476692, 56.44519544344757, 0.0, 22.031125310923937, 34.487300249886715, 72.16813218173957, 123.79326826804738, 84.57824599443212], [89.30214472626096, 22.68859981333594, 59.81529318945428, 76.16208183556083, 97.45973836656947, 62.6414143878138, 95.52838367313099, 81.45364954805302, 92.65651729642566, 47.259849198387954, 100.40524966867085, 40.24279511223671, 48.92826312271922, 42.82916673190078, 22.031125310923937, 0.0, 52.42446618129349, 85.3109522970277, 118.08144214941437, 98.0265455078961], [79.49138728492197, 38.60880295868471, 75.42326935581703, 91.63897163134581, 94.39295673681345, 102.55171789571693, 67.11843645144279, 96.37495409801616, 96.59289082088179, 73.92422672963471, 76.68640343815802, 61.91774819509171, 38.63310559554664, 67.45212135588675, 34.487300249886715, 52.42446618129349, 0.0, 39.88687554467009, 113.58209158458124, 51.56892693576255], [63.41022065114951, 77.01681610243268, 80.6223276057245, 92.3271388084463, 80.16990783768118, 119.24434224212919, 37.7158925591162, 95.6244984200523, 87.42226085073183, 87.08019215705797, 49.13574489842148, 76.23746779725933, 46.03541909202939, 81.43062578342989, 72.16813218173957, 85.3109522970277, 39.88687554467009, 0.0, 94.9923473750023, 12.71646980561772], [34.11076118483452, 128.9876168093105, 60.85516657152906, 50.197377863632966, 20.74981852694648, 95.3955231137982, 58.66203930268668, 46.91592616271528, 27.630590012767602, 77.04132543381037, 47.69832535726155, 78.86545248958353, 78.03840912980799, 78.27033388849785, 123.79326826804738, 118.08144214941437, 113.58209158458124, 94.9923473750023, 0.0, 97.8102036676785], [68.53691738042286, 89.32562113100059, 90.5499034379569, 100.99289428677729, 85.09027165893912, 130.4584961623167, 39.15181511811435, 103.87023867140415, 93.66948928350449, 98.19091206034686, 50.33658279561689, 87.72141776292311, 57.71883130760283, 92.76446435547174, 84.57824599443212, 98.0265455078961, 51.56892693576255, 12.71646980561772, 97.8102036676785, 0.0]]",Route_0,1263.954932097076
