117,31,"[[24.928181502722722, 76.12336046233676], [55.09776564234722, 12.236155687584194], [94.15294998369711, 45.642815963134396], [7.912448416904761, 75.04093737264797], [68.03388250630755, 0.5083332708449406], [20.821496131618154, 21.178843551821558], [53.498978915937215, 68.29534043428146], [60.519895636654944, 45.53427901948767], [67.38163437508103, 74.85479135579529], [51.39742270825665, 92.73481265710292], [13.551669890141282, 12.962727491891602], [46.90985859733916, 98.94899773308839], [56.91026932671859, 48.692497806112286], [56.18686240848058, 61.11648118282458], [55.54400848514641, 32.91236640919595], [35.678168264946954, 21.224203768934913], [79.26251898934333, 76.74773625511479], [7.81716017197247, 12.003501689169237], [87.01978414705259, 59.81398053860498], [44.18912191859851, 13.205667467138849], [44.394002429226276, 43.84662464340903], [22.766408069001297, 49.405000334939], [22.027937131698394, 22.72431478875607], [27.83083721092272, 9.642052417445978], [25.479929107087084, 90.65725880381947], [74.22824140636382, 89.52085433235968], [98.4524124963192, 90.61444767760366], [69.98947627578134, 72.95018879356148], [32.172227841599685, 82.67885809770104], [18.69265167471098, 27.353735869919692], [27.98241106070597, 69.65467220194299]]","[[0.0, 70.6525211233757, 75.6381660553213, 17.05012645680059, 87.03869137447151, 55.097774939348824, 29.623780352726403, 46.93039546508004, 42.472401961316244, 31.249977184243455, 64.1770252792889, 31.689175513223926, 42.13438225068021, 34.6743645605488, 52.95770830462997, 55.94175203758535, 54.337924833771424, 66.36372005902275, 64.1978425839839, 65.7998473975578, 37.692251981906786, 26.80567164381565, 53.47774767378311, 66.54464463441072, 14.544367515278061, 51.08804897918791, 74.93866926947798, 45.172882408188194, 9.769890306808124, 49.1666361989644, 7.1534778956123715], [70.6525211233757, 0.0, 51.3936997569045, 78.5550428946109, 17.460954674834095, 35.42364066283014, 56.08197850879443, 33.73669383774625, 63.812122390586524, 80.58366032717872, 41.55244852999975, 87.09855795239238, 36.50137052589978, 48.89245700807692, 20.68102566313485, 21.398732920736304, 68.88889120636324, 47.281177877969675, 57.29454322157707, 10.951641930887686, 33.373526851828636, 49.2629647397997, 34.69315550732185, 27.39004851876987, 83.82771412245832, 79.61720760973338, 89.56998414148221, 62.513653401346176, 74.07938043945688, 39.41920285299953, 63.49904324316884], [75.6381660553213, 51.3936997569045, 0.0, 91.11352069204885, 52.14716879936058, 77.30451519931461, 46.53903983210414, 33.633229475910106, 39.62376617331518, 63.60574868064738, 86.97444759932709, 71.22821560751852, 37.36733629603629, 40.99826973300289, 40.65359405371046, 63.36851519916011, 34.48537373391893, 92.65782248270727, 15.86518075151194, 59.5697298757515, 49.791356328037864, 71.48560972521723, 75.67876303812689, 75.46308778811778, 82.11141126893764, 48.19000169145945, 45.176686874529665, 36.4632153345407, 72.20303549193262, 77.64500673924368, 70.3925383928744], [17.05012645680059, 78.5550428946109, 91.11352069204885, 0.0, 95.75852918232668, 55.38744138940031, 46.08291267914948, 60.31738049806976, 59.469477287661945, 46.94695103732915, 62.33381875694325, 45.74268631136032, 55.632964342209675, 50.24250716686382, 63.58916579069996, 60.5572127368242, 71.3704822256173, 63.03750770294096, 80.5594859761911, 71.69098719250316, 47.99988468531451, 29.628388163170314, 54.18741569998383, 68.36487669507937, 23.505018035338644, 67.87821738216859, 91.86957776500454, 62.112225989837874, 25.433732143298325, 48.89051001412674, 20.78016489378094], [87.03869137447151, 17.460954674834095, 52.14716879936058, 95.75852918232668, 0.0, 51.53910575930588, 69.32778492464008, 45.648612128267715, 74.34931914551717, 93.714968359361, 55.88759636060927, 100.68162099347958, 49.45147603591666, 61.75515750541583, 34.72777442762242, 38.41925994292732, 77.06185077368734, 61.30409893030033, 62.27057297761133, 27.014716418602973, 49.36650108273876, 66.63353729098459, 51.08910690759519, 41.22753541592985, 99.68785143964541, 89.22779268764475, 95.1020442484657, 72.46824669167415, 89.65519184972914, 56.17145806086313, 79.90830089879351], [55.097774939348824, 35.42364066283014, 77.30451519931461, 55.38744138940031, 51.53910575930588, 0.0, 57.33918520169538, 46.574136171067664, 71.05599092198551, 77.81480579308779, 10.970639757621463, 82.02926025218596, 45.380620546132356, 53.34532811260932, 36.651445029977324, 14.856741379808867, 80.64276154080584, 15.915390414560177, 76.64781240297684, 24.69043279891435, 32.70307864356053, 28.293084122967258, 1.9606073627492335, 13.499200422404042, 69.63441091670119, 86.73471553172212, 104.15307146664249, 71.39861665043836, 62.53871520502614, 6.531559833746588, 49.001884310070835], [29.623780352726403, 56.08197850879443, 46.53903983210414, 46.08291267914948, 69.32778492464008, 57.33918520169538, 0.0, 23.819302851411674, 15.354299690609283, 24.529662472690134, 68.2457731543483, 31.353838877650393, 19.897445599158083, 7.665555284629752, 35.44202303479326, 50.33163219314648, 27.11462690552912, 72.49551484790054, 34.57712898755999, 55.87079295067879, 26.089083936512868, 36.07403304221419, 55.38180973361594, 64.02391501442692, 35.84860590534458, 29.668582096799287, 50.18917949921808, 17.13488011113349, 25.723838977894804, 53.73728128895149, 25.552749714369178], [46.93039546508004, 33.73669383774625, 33.633229475910106, 60.31738049806976, 45.648612128267715, 46.574136171067664, 23.819302851411674, 0.0, 30.112719939885608, 48.07400428511244, 57.15697856509137, 55.12136866465341, 4.7962222635709235, 16.17344122985472, 13.567318485477847, 34.75760603807178, 36.40832106457346, 62.46512109838335, 30.102391375745988, 36.21923929533894, 16.213963396729728, 37.95139400631903, 44.74288030239618, 48.54715718982157, 57.13039960485532, 46.07317605176418, 58.91602024537041, 29.005259285534294, 46.72590314072548, 45.60757049729004, 40.50285508215877], [42.472401961316244, 63.812122390586524, 39.62376617331518, 59.469477287661945, 74.34931914551717, 71.05599092198551, 15.354299690609283, 30.112719939885608, 0.0, 23.983122906432758, 82.02617049322373, 31.61683704050313, 28.180047724513372, 17.721853339674546, 43.5809178094171, 62.30047903755092, 12.030738115729823, 86.59221212009149, 24.736267230625064, 65.86734479454145, 38.59971017172566, 51.36351118593789, 69.09807841576377, 76.26904271171688, 44.78248409603576, 16.18546975139627, 34.83905883402603, 3.2292956351371376, 36.068245435864426, 68.02181494689161, 39.74091137593924], [31.249977184243455, 80.58366032717872, 63.60574868064738, 46.94695103732915, 93.714968359361, 77.81480579308779, 24.529662472690134, 48.07400428511244, 23.983122906432758, 0.0, 88.29431792576244, 7.665137168257017, 44.38599976650833, 31.979018400498497, 59.96598409672623, 73.21790862767145, 32.12553816883442, 91.74303163364868, 48.50498759767434, 79.8551472036748, 49.38727389588351, 51.934647732965345, 75.9212519312311, 86.3700802144369, 26.000628926623257, 23.05592788284667, 47.10273889702124, 27.14950823273823, 21.696320880778124, 73.10463220759816, 32.87789004612133], [64.1770252792889, 41.55244852999975, 86.97444759932709, 62.33381875694325, 55.88759636060927, 10.970639757621463, 68.2457731543483, 57.15697856509137, 82.02617049322373, 88.29431792576244, 0.0, 92.23018716134727, 56.18349074068403, 64.31596719013791, 46.490263428038155, 23.61850800974582, 91.57752471137535, 5.814182302644191, 87.13554799571611, 30.63841521077079, 43.64704548668795, 37.5892358218686, 12.9280970333843, 14.660201305743282, 78.6048571255415, 97.6872208443073, 115.05618515699449, 82.36335048455919, 72.15998922581613, 15.281715081945224, 58.49976825372349], [31.689175513223926, 87.09855795239238, 71.22821560751852, 45.74268631136032, 100.68162099347958, 82.02926025218596, 31.353838877650393, 55.12136866465341, 31.61683704050313, 7.665137168257017, 92.23018716134727, 0.0, 51.24181885595432, 38.95333244072858, 66.59868783161433, 78.53212377424197, 39.23761773672951, 95.32973488109482, 56.03887666982687, 85.78648549259226, 55.15977748661476, 55.113645148929606, 80.18299262179168, 91.32217440837948, 22.978137705835284, 28.89954891144702, 52.21206361614759, 34.76502291754006, 21.952567140257663, 76.95513165325698, 34.87700931239259], [42.13438225068021, 36.50137052589978, 37.36733629603629, 55.632964342209675, 49.45147603591666, 45.380620546132356, 19.897445599158083, 4.7962222635709235, 28.180047724513372, 44.38599976650833, 56.18349074068403, 51.24181885595432, 0.0, 12.445026336419621, 15.839167136915954, 34.71756461519325, 35.87087215848949, 61.28797437139589, 32.09782330447106, 37.698046618972256, 13.421602875896365, 34.15129457926643, 43.48705127490999, 48.68830103043636, 52.43002433640931, 44.34937264027237, 59.018637227162664, 27.55904981052477, 42.03621512920906, 43.77132691573955, 35.72441377069377], [34.6743645605488, 48.89245700807692, 40.99826973300289, 50.24250716686382, 61.75515750541583, 53.34532811260932, 7.665555284629752, 16.17344122985472, 17.721853339674546, 31.979018400498497, 64.31596719013791, 38.95333244072858, 12.445026336419621, 0.0, 28.211440078995665, 44.855326693044404, 27.871527797609392, 68.93266895451437, 30.860420782372668, 49.390199916194874, 20.912185236896974, 35.413070354144814, 51.38862341505786, 58.76802686603126, 42.60954464940105, 33.649662259275246, 51.54131111598447, 18.181000670651102, 32.274429066987814, 50.45531497882462, 29.468487944038444], [52.95770830462997, 20.68102566313485, 40.65359405371046, 63.58916579069996, 34.72777442762242, 36.651445029977324, 35.44202303479326, 13.567318485477847, 43.5809178094171, 59.96598409672623, 46.490263428038155, 66.59868783161433, 15.839167136915954, 28.211440078995665, 0.0, 23.049181190655954, 49.84082051959207, 52.105975413469544, 41.40557083637738, 22.743953748898726, 15.616678205672049, 36.693024716545885, 35.03032164839721, 36.187392491710305, 65.10239217200012, 59.6122593499129, 71.90731059838045, 42.56405479946986, 54.98130432639909, 37.2682287242391, 45.93080325396731], [55.94175203758535, 21.398732920736304, 63.36851519916011, 60.5572127368242, 38.41925994292732, 14.856741379808867, 50.33163219314648, 34.75760603807178, 62.30047903755092, 73.21790862767145, 23.61850800974582, 78.53212377424197, 34.71756461519325, 44.855326693044404, 23.049181190655954, 0.0, 70.58653049846737, 29.347182467838113, 64.2271935594157, 11.693299642009782, 24.243343238940064, 30.997916808264943, 13.732412135633606, 13.990240691290843, 70.1780108965637, 78.42538248163753, 93.57142559844064, 62.07127664372821, 61.5545786836381, 18.057655928004177, 49.03809694092154], [54.337924833771424, 68.88889120636324, 34.48537373391893, 71.3704822256173, 77.06185077368734, 80.64276154080584, 27.11462690552912, 36.40832106457346, 12.030738115729823, 32.12553816883442, 91.57752471137535, 39.23761773672951, 35.87087215848949, 27.871527797609392, 49.84082051959207, 70.58653049846737, 0.0, 96.41708980296517, 18.625983071865996, 72.57918219391837, 47.9405526917356, 62.76492457355511, 78.70404962485277, 84.54815606432754, 55.55215380141346, 13.729402616200394, 23.675677360609093, 10.02051335462885, 47.46234008865205, 78.15674059583615, 51.768340004631156], [66.36372005902275, 47.281177877969675, 92.65782248270727, 63.03750770294096, 61.30409893030033, 15.915390414560177, 72.49551484790054, 62.46512109838335, 86.59221212009149, 91.74303163364868, 5.814182302644191, 95.32973488109482, 61.28797437139589, 68.93266895451437, 52.105975413469544, 29.347182467838113, 96.41708980296517, 0.0, 92.51430987879809, 36.39182331040517, 48.49587476261111, 40.27843236319331, 17.801180166363967, 20.15251128972086, 80.61257293192944, 102.07532351910362, 119.97678855968164, 87.06259563505228, 74.75409904925026, 18.8123896629327, 61.07613940728802], [64.1978425839839, 57.29454322157707, 15.86518075151194, 80.5594859761911, 62.27057297761133, 76.64781240297684, 34.57712898755999, 30.102391375745988, 24.736267230625064, 48.50498759767434, 87.13554799571611, 56.03887666982687, 32.09782330447106, 30.860420782372668, 41.40557083637738, 64.2271935594157, 18.625983071865996, 92.51430987879809, 0.0, 63.299292841987764, 45.51827898042308, 65.0910378340045, 74.83036471849324, 77.59222777316515, 68.83648431235736, 32.34380800531899, 32.853824236350206, 21.507936988653068, 59.422698175632185, 75.64565100416435, 59.85190584559003], [65.7998473975578, 10.951641930887686, 59.5697298757515, 71.69098719250316, 27.014716418602973, 24.69043279891435, 55.87079295067879, 36.21923929533894, 65.86734479454145, 79.8551472036748, 30.63841521077079, 85.78648549259226, 37.698046618972256, 49.390199916194874, 22.743953748898726, 11.693299642009782, 72.57918219391837, 36.39182331040517, 63.299292841987764, 0.0, 30.641642134547197, 42.063337584594024, 24.118929453698062, 16.741948237877725, 79.67925009839445, 82.01436731374457, 94.53371862988465, 65.0773855765547, 70.50482224393053, 29.158838015723603, 58.72944416884321], [37.692251981906786, 33.373526851828636, 49.791356328037864, 47.99988468531451, 49.36650108273876, 32.70307864356053, 26.089083936512868, 16.213963396729728, 38.59971017172566, 49.38727389588351, 43.64704548668795, 55.15977748661476, 13.421602875896365, 20.912185236896974, 15.616678205672049, 24.243343238940064, 47.9405526917356, 48.49587476261111, 45.51827898042308, 30.641642134547197, 0.0, 22.33043613856717, 30.76349867114029, 38.00383142802767, 50.48740080589456, 54.554716322458994, 71.48105322629011, 38.75752478773281, 40.71012317740381, 30.538087869107237, 30.584238588378177], [26.80567164381565, 49.2629647397997, 71.48560972521723, 29.628388163170314, 66.63353729098459, 28.293084122967258, 36.07403304221419, 37.95139400631903, 51.36351118593789, 51.934647732965345, 37.5892358218686, 55.113645148929606, 34.15129457926643, 35.413070354144814, 36.693024716545885, 30.997916808264943, 62.76492457355511, 40.27843236319331, 65.0910378340045, 42.063337584594024, 22.33043613856717, 0.0, 26.690903329402985, 40.08416731856614, 41.34140811834371, 65.25030292944892, 86.17766425507155, 52.76735800108102, 34.577724853019504, 22.42440089871398, 20.910664693663016], [53.47774767378311, 34.69315550732185, 75.67876303812689, 54.18741569998383, 51.08910690759519, 1.9606073627492335, 55.38180973361594, 44.74288030239618, 69.09807841576377, 75.9212519312311, 12.9280970333843, 80.18299262179168, 43.48705127490999, 51.38862341505786, 35.03032164839721, 13.732412135633606, 78.70404962485277, 17.801180166363967, 74.83036471849324, 24.118929453698062, 30.76349867114029, 26.690903329402985, 0.0, 14.311507191112252, 68.02059343428199, 84.7741084374696, 102.22411935753185, 69.44744528502102, 60.80669286674903, 5.7057574980289765, 47.30659791932515], [66.54464463441072, 27.39004851876987, 75.46308778811778, 68.36487669507937, 41.22753541592985, 13.499200422404042, 64.02391501442692, 48.54715718982157, 76.26904271171688, 86.3700802144369, 14.660201305743282, 91.32217440837948, 48.68830103043636, 58.76802686603126, 36.187392491710305, 13.990240691290843, 84.54815606432754, 20.15251128972086, 77.59222777316515, 16.741948237877725, 38.00383142802767, 40.08416731856614, 14.311507191112252, 0.0, 81.04930866293292, 92.37609058320858, 107.44270887295298, 76.06096882907725, 73.16572050204567, 19.930132102293268, 60.01281119919762], [14.544367515278061, 83.82771412245832, 82.11141126893764, 23.505018035338644, 99.68785143964541, 69.63441091670119, 35.84860590534458, 57.13039960485532, 44.78248409603576, 26.000628926623257, 78.6048571255415, 22.978137705835284, 52.43002433640931, 42.60954464940105, 65.10239217200012, 70.1780108965637, 55.55215380141346, 80.61257293192944, 68.83648431235736, 79.67925009839445, 50.48740080589456, 41.34140811834371, 68.02059343428199, 81.04930866293292, 0.0, 48.76155624209064, 72.97249594733816, 47.902402001469575, 10.413536391608286, 63.66634237010021, 21.151147956967016], [51.08804897918791, 79.61720760973338, 48.19000169145945, 67.87821738216859, 89.22779268764475, 86.73471553172212, 29.668582096799287, 46.07317605176418, 16.18546975139627, 23.05592788284667, 97.6872208443073, 28.89954891144702, 44.34937264027237, 33.649662259275246, 59.6122593499129, 78.42538248163753, 13.729402616200394, 102.07532351910362, 32.34380800531899, 82.01436731374457, 54.554716322458994, 65.25030292944892, 84.7741084374696, 92.37609058320858, 48.76155624209064, 0.0, 24.24884350644772, 17.104212528817456, 42.60893321164833, 83.36037634731211, 50.3323158298747], [74.93866926947798, 89.56998414148221, 45.176686874529665, 91.86957776500454, 95.1020442484657, 104.15307146664249, 50.18917949921808, 58.91602024537041, 34.83905883402603, 47.10273889702124, 115.05618515699449, 52.21206361614759, 59.018637227162664, 51.54131111598447, 71.90731059838045, 93.57142559844064, 23.675677360609093, 119.97678855968164, 32.853824236350206, 94.53371862988465, 71.48105322629011, 86.17766425507155, 102.22411935753185, 107.44270887295298, 72.97249594733816, 24.24884350644772, 0.0, 33.4987280387908, 66.75355016659694, 101.80145924658936, 73.52097177217829], [45.172882408188194, 62.513653401346176, 36.4632153345407, 62.112225989837874, 72.46824669167415, 71.39861665043836, 17.13488011113349, 29.005259285534294, 3.2292956351371376, 27.14950823273823, 82.36335048455919, 34.76502291754006, 27.55904981052477, 18.181000670651102, 42.56405479946986, 62.07127664372821, 10.02051335462885, 87.06259563505228, 21.507936988653068, 65.0773855765547, 38.75752478773281, 52.76735800108102, 69.44744528502102, 76.06096882907725, 47.902402001469575, 17.104212528817456, 33.4987280387908, 0.0, 39.04857597354764, 68.63235922923573, 42.13613600686741], [9.769890306808124, 74.07938043945688, 72.20303549193262, 25.433732143298325, 89.65519184972914, 62.53871520502614, 25.723838977894804, 46.72590314072548, 36.068245435864426, 21.696320880778124, 72.15998922581613, 21.952567140257663, 42.03621512920906, 32.274429066987814, 54.98130432639909, 61.5545786836381, 47.46234008865205, 74.75409904925026, 59.422698175632185, 70.50482224393053, 40.71012317740381, 34.577724853019504, 60.80669286674903, 73.16572050204567, 10.413536391608286, 42.60893321164833, 66.75355016659694, 39.04857597354764, 0.0, 56.94355207710439, 13.681519758591206], [49.1666361989644, 39.41920285299953, 77.64500673924368, 48.89051001412674, 56.17145806086313, 6.531559833746588, 53.73728128895149, 45.60757049729004, 68.02181494689161, 73.10463220759816, 15.281715081945224, 76.95513165325698, 43.77132691573955, 50.45531497882462, 37.2682287242391, 18.057655928004177, 78.15674059583615, 18.8123896629327, 75.64565100416435, 29.158838015723603, 30.538087869107237, 22.42440089871398, 5.7057574980289765, 19.930132102293268, 63.66634237010021, 83.36037634731211, 101.80145924658936, 68.63235922923573, 56.94355207710439, 0.0, 43.30899264604951], [7.1534778956123715, 63.49904324316884, 70.3925383928744, 20.78016489378094, 79.90830089879351, 49.001884310070835, 25.552749714369178, 40.50285508215877, 39.74091137593924, 32.87789004612133, 58.49976825372349, 34.87700931239259, 35.72441377069377, 29.468487944038444, 45.93080325396731, 49.03809694092154, 51.768340004631156, 61.07613940728802, 59.85190584559003, 58.72944416884321, 30.584238588378177, 20.910664693663016, 47.30659791932515, 60.01281119919762, 21.151147956967016, 50.3323158298747, 73.52097177217829, 42.13613600686741, 13.681519758591206, 43.30899264604951, 0.0]]",Route_2,1523.703448535925