101,77,"[[42.262978901245226, 79.3212403614172], [45.214037812434235, 11.047829876567993], [24.66247089551552, 15.705853705038352], [29.10241146387986, 55.34399642653405], [47.76538397248768, 77.13876069405741], [51.24711503846233, 70.01600835863667], [12.280323625970624, 10.972941000979276], [94.91438493680961, 26.433146580036126], [18.22404116027996, 38.968902756409264], [74.77358195532186, 13.744263482632125], [33.79052148458126, 37.95261134992185], [1.834602928629836, 88.62916761574037], [98.6500597410077, 83.73814030958152], [11.495851028999448, 5.854328139992071], [23.857296398344975, 90.42173829189561], [25.489475076441494, 17.506098133618643], [23.367331155247108, 5.805161995425934], [97.83887031054574, 5.27701064449837], [29.35399899125598, 10.54443947182191], [71.14885529651879, 45.41949068648423], [32.51006356993861, 50.63568158057811], [35.46073304666205, 78.15860402261511], [7.980868261947583, 93.4029280326755], [40.62483652672088, 72.08092350123358], [72.04271992015599, 41.0430206148771], [52.47883022014796, 5.030891841910979], [1.0688019505150637, 0.6162690432749751], [56.200657725977756, 32.35348925080746], [19.56325542850297, 44.352326735592406], [55.59487060702065, 94.73557257375337], [53.95443202748916, 61.961106925893795], [84.90807091871461, 70.38487215854067], [84.30861584569823, 96.46450148206407], [70.78696201832247, 41.10132370853823], [30.029184424992717, 5.790253543928459], [18.099169366116573, 84.08469613431964], [87.49993801960004, 87.18521276743016], [50.074531559716654, 34.50935955500174], [36.36416916998632, 73.5839522034879], [64.7394007719369, 61.106530455478506], [47.079275276097576, 67.12664018190233], [10.455606635438986, 84.12639464223372], [17.983123266896083, 23.181516396717882], [44.06546550503202, 57.7123866822719], [74.68982361703505, 44.45586084656172], [54.53081761485943, 55.07825064044412], [73.95294565370288, 43.60736458720213], [76.47538213941937, 64.35933226200552], [55.740458214765574, 97.54071379252942], [79.08122855845915, 80.3674775470509], [65.68914793464906, 94.23692391020595], [54.82878018204514, 27.484500396206357], [11.586661336693616, 39.555454613719355], [60.12057618416877, 36.408594300937565], [72.69276096415646, 8.504768222888426], [86.75311945556632, 28.709685484222025], [34.57309733511953, 42.75146198764192], [12.892921101396059, 83.56024392578], [87.8212399736202, 16.916409973113357], [56.815580536237206, 71.81670906017405], [51.75180956623584, 38.91112032012028], [98.37618810580835, 17.235900906774894], [28.50971773699602, 4.255678699005094], [14.207693661343512, 3.041787448591149], [1.5285260186878813, 16.671973700838706], [76.28752497023736, 99.95173049609942], [45.61871224786501, 99.4083836577778], [86.85308881219231, 57.05496449793358], [73.05129588994859, 90.865387312503], [73.79392066177017, 92.78156030998565], [91.05173835744715, 16.93675164993047], [50.42938251428932, 7.947980323039183], [59.901164832469064, 92.62297220804221], [41.09803315476076, 27.835984822979544], [69.14127409637854, 82.62826826523866], [86.72168024803511, 48.33992257501934], [44.5968056319406, 68.25053231953497]]","[[0.0, 68.33715920295506, 66.00526722542936, 27.351576956115935, 5.919432326369953, 12.934529166445186, 74.63544494956797, 74.62788367192269, 46.97000828084387, 73.19343691548067, 42.227313447198114, 41.48603492206646, 56.55980808650257, 79.64925202949307, 21.49395735322195, 64.0504663464964, 75.90559453726327, 92.58092492684553, 69.97778292375045, 44.53899960871191, 30.298195326266715, 6.900889212449156, 37.061530426520605, 7.423321269827364, 48.49799049566702, 74.98946260188578, 88.83373641155515, 48.99212727989651, 41.690554876486836, 20.379915947000082, 20.929985883949772, 43.571350103431655, 45.406243930933485, 47.690456506688236, 74.54174501338755, 24.628848981435816, 45.915406262802875, 45.48763586233581, 8.228756385548825, 28.930350794050323, 13.11125410891879, 32.16828310802473, 61.165186147493, 21.683899909461445, 47.61402048700414, 27.170248753267934, 47.746569673516206, 37.340959137476226, 22.662560772193704, 36.833111734817294, 27.77162241046093, 53.33804432156694, 50.223044267079494, 46.479984645340366, 77.07752177219565, 67.38621590229403, 37.369546007519034, 29.674390413033954, 77.26524450056213, 16.373643589565194, 41.509224386163766, 83.68561180055525, 76.31507544610986, 81.27517435584062, 74.72768071303669, 39.790537297178936, 20.365516740366324, 49.84039468843615, 32.88142016131821, 34.283822736437166, 79.19701686975809, 71.83893370921555, 22.091665239721987, 51.49843333976751, 27.08097461601743, 54.18872739993835, 11.314032161767265], [68.33715920295506, 0.0, 21.07282820902751, 47.13528269372915, 66.14015802483837, 59.27599931092116, 32.93379933228721, 52.02722820167747, 38.833570915442564, 29.682274241156694, 29.2295054939636, 88.88554064772154, 90.21801189562348, 34.11581129403804, 82.19688400999816, 20.754941676770414, 22.46695703198684, 52.940299867525475, 15.868025501267374, 43.05840016494702, 41.57630291515455, 67.81580170089993, 90.38070096584441, 61.20538608519669, 40.2428832349862, 9.4329609370588, 45.36098886403566, 23.971586065502407, 42.03750882177208, 84.3291169600362, 51.658070724098586, 71.3897811385852, 93.93824471300348, 39.46120809033066, 16.069283782783398, 77.90763713278574, 87.0918964645973, 23.959711482390578, 63.15921762241892, 53.73186486945465, 56.10982156501235, 80.92357608321271, 29.811894531472976, 46.67868978686203, 44.55242397547822, 45.00533677832943, 43.42865556843686, 61.80119687937149, 87.13107651456279, 77.15050331778478, 85.67178940966672, 19.0422532439084, 44.08497608931457, 29.417227238751842, 27.596148075834982, 45.137971235539744, 33.44173893917707, 79.38957599517025, 43.00946300936269, 61.86640825847202, 28.620017712198543, 53.52108413410722, 18.032404908984194, 32.02327423881642, 44.046054697755096, 94.17783788935525, 88.36148044210647, 62.05213134316105, 84.53257012721737, 86.58644463335095, 46.21443703981539, 6.067032850881945, 82.88676339743829, 17.2853591471717, 75.47364968054731, 55.79950320918263, 57.20603239469818], [66.00526722542936, 21.07282820902751, 0.0, 39.88603052022437, 65.63342634484046, 60.46764591667914, 13.2558678957261, 71.06621024714455, 24.13758125044957, 50.149489407658834, 24.04661167954284, 76.4128344431245, 100.51146861832386, 16.444221923462848, 74.72022293574523, 1.9811148169410626, 9.985042978155407, 73.91580479795515, 6.975000556270329, 55.17140706328767, 35.80052494305765, 63.37940113092319, 79.46767409141049, 58.59134416507416, 53.72950795097581, 29.794372905907757, 28.006370338742638, 35.66231901906965, 29.096776719583236, 84.86760168863294, 54.75004509114593, 81.3592488976744, 100.39731967633352, 52.653571370198236, 11.27478339758579, 68.69310750675274, 95.17271692318518, 31.612413059598058, 59.049166194815825, 60.558911464107034, 56.094655721704186, 69.87993570577085, 10.024929796448118, 46.27121148818492, 57.70007739129101, 49.41966993198246, 56.63960815008354, 71.07558474794226, 87.53733844111726, 84.51347101772659, 88.60201587121101, 32.384297643239485, 27.198901799924496, 41.05947757634421, 48.56711229009832, 63.43775121762314, 28.804260861917854, 68.8675582156427, 63.170369303491704, 64.67032200517662, 35.6695481930178, 73.72959480017887, 12.079230767233087, 16.421965204074876, 23.15410964408662, 98.80543489359577, 86.28602188134049, 74.68213923168783, 89.38922684772187, 91.40330357698194, 66.40067728481867, 26.909446924469325, 84.60501562666025, 20.427133614777475, 80.35529543688091, 70.11653097858249, 56.198940844864524], [27.351576956115935, 47.13528269372915, 39.88603052022437, 0.0, 28.693523525945093, 26.564183227456613, 47.452852377954976, 71.88221679419993, 19.659161558103257, 61.776966541441006, 18.01218061338522, 43.02831629764085, 75.12058830793517, 52.52826132149298, 35.46772062627707, 38.00999679774634, 49.869702855934584, 85.03766130414192, 44.80026338786892, 43.20184316849851, 5.8120840982022735, 23.684057361719788, 43.527024504691845, 20.319719664222664, 45.259120622099324, 55.478513379610504, 61.48989678706692, 35.537000023615356, 14.55377272263218, 47.47153529024696, 25.717874668307967, 57.797055028562255, 68.83764187033843, 44.050601370217684, 49.562408555243096, 30.774976138985018, 66.5141651521974, 29.562001198883934, 19.632348604469833, 36.09988650089242, 21.494146328452825, 34.29474853905591, 34.030334874577804, 15.149331953651092, 46.86964522192909, 25.429794733776365, 46.36074788055628, 48.22317524647109, 49.901387667759984, 55.89326225550155, 53.397088814201034, 37.920938365062085, 23.58133912849359, 36.341106150928034, 63.984622123362236, 63.50583163233486, 13.729542144458629, 32.54080823750631, 70.17535338130772, 32.23926180208763, 27.98275632470381, 79.06379117129967, 51.091755637116606, 54.381740339838366, 47.49573138968667, 64.93292597310631, 47.05803240310911, 57.776017047995246, 56.50905814796195, 58.30010449315365, 72.88920052995506, 51.97328195013038, 48.35581913666087, 30.009759114861648, 48.45143971723058, 58.043407771582466, 20.1656866828917], [5.919432326369953, 66.14015802483837, 65.63342634484046, 28.693523525945093, 0.0, 7.9281808788343495, 75.08065798494899, 69.23935004470843, 48.266230328549774, 68.90794609454977, 41.60349843434792, 47.34623637127529, 51.310837445682004, 79.98093113045051, 27.35021289345932, 63.65744702069119, 75.39063127849678, 87.58690058583524, 69.09256628594287, 39.40683723638725, 30.580026211234237, 12.346842301626163, 42.980586658871744, 8.750379128606877, 43.50047692358891, 72.26175562445138, 89.64520344658092, 45.572737261897025, 43.24708436558729, 19.260027240108965, 16.39101856912403, 37.75174438268517, 41.33874759525808, 42.763184168227326, 73.51994455207759, 30.468513390245302, 40.98494826866893, 42.69189623399418, 11.942544217100531, 23.34844004919361, 10.035601740462733, 37.95848407317999, 61.63089537641494, 19.77557594386558, 42.344980725161605, 23.074600672490707, 42.54577431052678, 31.425750361688372, 21.905284736841377, 31.4818477006913, 24.771122298703578, 50.15413374528502, 52.167086055156396, 42.56286208655163, 73.02053852319399, 62.172492661774484, 36.83100241707694, 35.45876638563387, 72.3270566685791, 10.499061455017026, 38.43493303719363, 78.42069947224506, 75.38384656722005, 81.3417483409227, 76.11885024567268, 36.52319972680917, 22.372847526400328, 43.94550647430641, 28.771472326243764, 30.367448065476452, 74.14843470289472, 69.24204630555919, 19.673280948822693, 49.7515555085505, 22.069512272877958, 48.445496142725084, 9.436126977624346], [12.934529166445186, 59.27599931092116, 60.46764591667914, 26.564183227456613, 7.9281808788343495, 0.0, 70.74245285530822, 61.695188638885824, 45.32599888187519, 60.991834838609584, 36.50745247540377, 52.80195120007071, 49.34912432608825, 75.47770663467212, 34.15546777966333, 58.487149770291815, 70.00225096419858, 79.76170437224191, 63.37330696843583, 31.63965781887744, 26.95689454960346, 17.762649592278645, 49.18247779409063, 10.82112172222133, 35.663583684138686, 64.9967883128175, 85.63986759326652, 37.986878401688095, 40.773662016460996, 25.09900064682274, 8.49770571214822, 33.662976862945, 42.3389374468331, 34.89791696378148, 67.63984152137722, 36.00991916162042, 40.1129499555024, 35.52600542249715, 15.304649653095591, 16.168505522174424, 5.0714235423078025, 43.16306475293718, 57.445302557388125, 14.24623446304787, 34.68258534681228, 15.29442082125564, 34.827736213749574, 25.854660032176582, 27.88905774892002, 29.69664610360501, 28.19973518192662, 42.682051201401144, 50.00796858778745, 34.75912243354244, 65.14252368620612, 54.46915328029984, 31.959010547692372, 40.67542881962477, 64.47661563292854, 5.852378235933353, 31.108982247174275, 70.75937585095924, 69.58024283507602, 76.53407739340264, 72.9213557724319, 39.02780533725557, 29.92642049592242, 37.891608917207726, 30.168177030875505, 32.041048663625155, 66.34617947037343, 62.073414524326, 24.206763359141533, 43.383847784062084, 21.892236713997146, 41.57279725622236, 6.88066282033306], [74.63544494956797, 32.93379933228721, 13.2558678957261, 47.452852377954976, 75.08065798494899, 70.74245285530822, 0.0, 84.06786571140127, 28.619952004487267, 62.55467660308334, 34.50494492176721, 78.35561634579862, 112.93584704159149, 5.178377629727511, 80.28784272569173, 14.736479367923444, 12.23223919830181, 85.74793602998558, 17.079051614174666, 68.20607602173206, 44.523874140567884, 71.07210913268075, 82.54203825005071, 67.36168745534945, 66.90107397351267, 40.63530337786225, 15.26299028102647, 48.84796404067912, 34.16466724059275, 94.29914330559892, 65.85229210474098, 93.83265551336325, 111.78945296217104, 65.80840509043321, 18.49005973328737, 73.34294583956344, 107.08081414207527, 44.523759406516476, 67.08330895229203, 72.56260446399865, 66.06212960274193, 73.17620768896609, 13.474837176677632, 56.523190168872866, 70.82408919654645, 61.07685797991085, 69.77476557166311, 83.4931872036305, 96.86466117509326, 96.32218125771155, 98.9211472029276, 45.63992494479228, 28.590929537075862, 54.18175175857517, 60.46283537845988, 76.5557928803594, 38.81806481197998, 72.58988787402609, 75.7743681337252, 75.40128128688886, 48.35845392484165, 86.3233603800975, 17.564590688214437, 8.16198210760181, 12.168817752848383, 109.60906351183922, 94.51071724311672, 87.66213662176622, 100.37885259131467, 102.35513086078615, 78.99685320476266, 38.26880036227281, 94.5223365841582, 33.38895969371348, 91.47487968697361, 83.29349847189776, 65.76532123009564], [74.62788367192269, 52.02722820167747, 71.06621024714455, 71.88221679419993, 69.23935004470843, 61.695188638885824, 84.06786571140127, 0.0, 77.70813349628068, 23.80461507772581, 62.199877426818894, 111.94726817285017, 57.426627731270784, 85.91937830150292, 95.6224330417829, 69.99650207749615, 74.46136349036804, 21.357310280654456, 67.45824796791392, 30.41844278742747, 66.93326546428294, 78.80520078471278, 109.73781458217945, 70.93006840838923, 27.139666172374664, 47.5271797184136, 97.33193007325818, 39.16379874187461, 77.45249986685312, 78.81145604388807, 54.22133997487136, 45.076385187333905, 70.82988781176888, 28.236287945844634, 68.08978101271046, 96.04310755687808, 61.202839551164814, 45.56136155665453, 75.1753033733958, 45.96491290891463, 62.80253289300896, 102.2829218595477, 76.99994883747503, 59.69927527828728, 27.08968641586954, 49.511357245364266, 27.098629134645073, 42.17098984545402, 81.18425124187158, 56.21032732301769, 73.83404836572153, 40.09938968864702, 84.35463525206066, 36.19556167194791, 28.552185949573722, 8.472832090724165, 62.50886662843906, 99.95511883267484, 11.869329429852526, 59.255266771331456, 44.93003161893714, 9.827177069495196, 70.01014146202078, 84.02812445038643, 93.89461721447569, 75.84155914297604, 88.06502468294755, 31.665126366487716, 68.04049021338352, 69.62891651945887, 10.251904957889383, 48.17278082154335, 74.88002803645875, 53.83463266583229, 61.823498312598474, 23.388613567542652, 65.42593168757953], [46.97000828084387, 38.833570915442564, 24.13758125044957, 19.659161558103257, 48.266230328549774, 45.32599888187519, 28.619952004487267, 77.70813349628068, 0.0, 61.92037621512234, 15.599620441208168, 52.29489068205412, 92.04688531308342, 33.79117628122647, 51.760292205695606, 22.65918163275525, 33.56020162683824, 86.45035925146092, 30.525826349767485, 53.316470588356225, 18.444624268912165, 42.81280453930256, 55.3894005997747, 39.97751306490734, 53.85863114069598, 48.22011155491718, 42.01460156990781, 38.54850323460213, 5.547499310126694, 67.1304726339243, 42.48884893821917, 73.71379082844305, 87.59517614671564, 52.60615808292713, 35.21624867962581, 45.115966188072264, 84.40356886259033, 32.16117635052905, 39.080249390609474, 51.51459249517911, 40.31727561234337, 45.82082112298996, 15.789224474353452, 31.9233049956394, 56.7317485852206, 39.72018511754023, 55.92160695288339, 63.54441467467159, 69.55672934128707, 73.60325572088132, 72.85252585435028, 38.36402502895874, 6.663246506310943, 41.974692689704135, 62.409173443890964, 69.29275655535312, 16.780923459268955, 44.90889164035839, 73.00741414829679, 50.67825263735628, 33.52781819763041, 83.04631255735433, 36.20501439166057, 36.15091508625296, 27.85486081732014, 84.2037613843818, 66.35811069962632, 70.97219040530372, 75.4935293284984, 77.35511373392598, 76.08737846332326, 44.71556373730995, 67.9392508518279, 25.43936656986673, 67.07238482790427, 69.13568234303575, 39.407315764332424], [73.19343691548067, 29.682274241156694, 50.149489407658834, 61.776966541441006, 68.90794609454977, 60.991834838609584, 62.55467660308334, 23.80461507772581, 61.92037621512234, 0.0, 47.59890074373663, 104.53632635826186, 73.95423574560496, 63.7677215438587, 92.04294257597836, 49.42746797874908, 52.01568949600058, 24.57034589773841, 45.53215776053032, 31.881948838907107, 56.099747910209764, 75.46328482458215, 103.95561283750583, 67.59661764077616, 27.435009539280394, 23.936975587620985, 74.8648037034544, 26.291762932901214, 63.127123261678726, 83.23109465383114, 52.51952965659139, 57.540128760079575, 83.26796890745739, 27.646010249689464, 45.44587312899953, 90.33142038049695, 74.5354490865056, 32.26813142001541, 71.10605696228143, 48.41352212789493, 60.13861292469019, 95.3438321854981, 57.569244745838155, 53.63006874527817, 30.7117115788645, 46.024645598914326, 29.874374495900412, 50.64367000334093, 85.9308145187884, 66.76232823629572, 81.00367475728905, 24.219604212630106, 68.25543586316289, 26.98856182850497, 5.637563886480686, 19.16958983404273, 49.573143220983745, 93.29248261760748, 13.427728516749854, 60.785678825891345, 34.1082495448463, 23.859475036066012, 47.22688189588391, 61.50422601820045, 73.30354497759595, 86.22075963670503, 90.48949062206387, 44.963666535793266, 77.14035267013793, 79.04336800785549, 16.588259599801074, 25.02472666965515, 80.26854602684797, 36.505057147647015, 69.1138843265814, 36.600774320347526, 62.302256554575216], [42.227313447198114, 29.2295054939636, 24.04661167954284, 18.01218061338522, 41.60349843434792, 36.50745247540377, 34.50494492176721, 62.199877426818894, 15.599620441208168, 47.59890074373663, 0.0, 59.91071761978211, 79.39190364862577, 39.08135253222249, 53.40110712959788, 22.06733500390457, 33.794990703378, 71.90191839438428, 27.764917027307135, 38.09723601825908, 12.747542623852253, 40.24066914775116, 61.16269957817651, 34.80588387604297, 38.376833045204584, 37.85620819310886, 49.64587985024738, 23.099012416957216, 15.600367189525572, 60.82544143695447, 31.352689648638705, 60.53804920303708, 77.3027757891953, 37.130189895608574, 32.3815520955463, 48.72769005258214, 72.8598000743029, 16.64406702252582, 35.72416707820625, 38.65148249537102, 32.05799331868368, 51.73525407825982, 21.63467320134613, 22.271578206502255, 41.41310383124266, 26.896977612377036, 40.55855704182505, 50.19275085559291, 63.50229661334925, 62.05053603130413, 64.69502461383502, 23.49871647475055, 22.261637675500296, 26.37528709096499, 48.790979713063656, 53.763077129150766, 4.862241500068869, 50.167378354362704, 57.98137898332027, 40.950341366852506, 17.98684544321593, 67.82691519222647, 34.10821247589692, 40.028149732710574, 38.648439686394845, 75.16572410455305, 62.5836883435905, 56.39624054126843, 65.8875577554325, 67.87109539262498, 60.9960106621007, 34.30932204846531, 60.5855927791228, 12.479818071408028, 56.97008013892544, 53.94074343693266, 32.167371545626665], [41.48603492206646, 88.88554064772154, 76.4128344431245, 43.02831629764085, 47.34623637127529, 52.80195120007071, 78.35561634579862, 111.94726817285017, 52.29489068205412, 104.53632635826186, 59.91071761978211, 0.0, 96.9389231727844, 83.33674918721508, 22.09552754043328, 74.95361224709609, 85.57730009690209, 127.13929930315398, 82.79216103570032, 81.6795063749169, 48.83122839598195, 35.21859350786901, 7.782375348557805, 42.17258120945147, 84.81521725423801, 97.74205579131319, 88.01623012981847, 78.24717176781289, 47.6942738469431, 54.10595681035018, 58.54623853204955, 85.05325038250588, 82.8453695956601, 83.74558955850326, 87.50554331213587, 16.887520316638152, 85.67750370927114, 72.49858163346053, 37.66496318353842, 68.6622832999512, 50.09430169063812, 9.726081912248068, 67.41045734307264, 52.33825653606592, 85.2007289433617, 62.47043358373961, 85.01775170722637, 78.48739280477616, 54.63750442132997, 77.68717200404508, 64.10031083063367, 80.91386254625321, 50.03330841548472, 78.2575424842366, 106.96166574176432, 103.93025925131204, 56.36109375892392, 12.164718993251475, 111.96616166957348, 57.49405761790394, 70.45290444964617, 120.07196258869051, 88.48981513158431, 86.47712424772284, 71.95784487588244, 75.30895053520113, 45.09145958338068, 90.69218954495493, 71.25179320465512, 72.07902450578995, 114.45304609812113, 94.18549031532805, 58.20374632662303, 72.37007687709253, 67.57365445717959, 93.96296696987572, 47.36976627105929], [56.55980808650257, 90.21801189562348, 100.51146861832386, 75.12058830793517, 51.310837445682004, 49.34912432608825, 112.93584704159149, 57.426627731270784, 92.04688531308342, 73.95423574560496, 79.39190364862577, 96.9389231727844, 0.0, 116.88346458881247, 75.09079790773798, 98.68715498614642, 108.35607196752723, 78.46532289242863, 100.79316384438349, 47.16603815072102, 73.96128627474246, 63.43518135279758, 91.1828405194691, 59.18460300436795, 50.30729348799654, 91.25027888625621, 128.18481717733584, 66.6508371730288, 88.35137196019902, 44.43751599457877, 49.71859128836713, 19.16121152499575, 19.17386976316415, 50.9337839216262, 103.84939855563509, 80.55163586872328, 11.67079787040567, 69.15963268174495, 63.108158746070096, 40.76913730145579, 54.18014162788891, 88.19530769840979, 100.86753362624847, 60.47162789090045, 46.012937256029545, 52.61080498940141, 47.12140282633005, 29.449185524886413, 45.07488145179149, 19.85700182076325, 34.59257383022103, 71.30761912789141, 97.63270485348474, 61.0295586461271, 79.58543607548766, 56.29980487197082, 76.06421570641322, 85.75732315538389, 67.69347814017412, 43.49993302717515, 64.87609413791066, 66.50280333385031, 106.00532665916596, 116.80074723304422, 118.02738248460547, 27.621793354347243, 55.2981043393907, 29.1746532882677, 26.572436104786167, 26.450162480221326, 67.2321352829555, 89.82973930157561, 39.75446005792149, 80.23270375745976, 29.52965028874344, 37.353983135829594, 56.228287196327905], [79.64925202949307, 34.11581129403804, 16.444221923462848, 52.52826132149298, 79.98093113045051, 75.47770663467212, 5.178377629727511, 85.91937830150292, 33.79117628122647, 63.7677215438587, 39.08135253222249, 83.33674918721508, 116.88346458881247, 0.0, 85.4660879613639, 18.209482638601376, 11.871581937453183, 86.34494932620018, 18.46376432222871, 71.58130346306238, 49.46682468772836, 76.17233015361255, 87.61913288216131, 72.34956619958464, 70.02976089217306, 40.99125066058743, 11.66878809413483, 51.96850278188845, 39.33419516924141, 99.21995333518717, 70.36122317111482, 97.74223826200078, 116.2407081591136, 68.9767101198465, 18.533444157007086, 78.50856188715481, 111.31636911773768, 48.056481528367534, 72.15078116655293, 76.73122864870665, 70.85531951879261, 78.27897867837618, 18.501787858815195, 61.23755402440493, 74.0510398222318, 65.38350629460456, 72.98068532114185, 87.43669121511198, 101.80362753383866, 100.59817438879428, 103.6744745083616, 48.431468084463226, 33.70124882122539, 57.427581152697485, 61.25427836685976, 78.651279775734, 43.51962526544456, 77.71847369123476, 77.1228542782897, 80.03070397833811, 52.089285913629894, 87.62267497186734, 17.088807459639835, 3.9069778094308085, 14.709487528166553, 114.24658481667993, 99.58278446391671, 91.10553468242658, 104.95691008057308, 106.94574873600874, 80.32408928503516, 38.98978396169484, 99.3572946381912, 36.87115969339005, 96.0064200091435, 86.39416135474167, 70.63256679210502], [21.49395735322195, 82.19688400999816, 74.72022293574523, 35.46772062627707, 27.35021289345932, 34.15546777966333, 80.28784272569173, 95.6224330417829, 51.760292205695606, 92.04294257597836, 53.40110712959788, 22.09552754043328, 75.09079790773798, 85.4660879613639, 0.0, 72.9339056058879, 84.61799483606143, 112.79582405690326, 80.06620139725788, 65.2816500446963, 40.71609863876917, 16.88265986620324, 16.153899301429426, 24.850269397776415, 68.99342576943835, 90.05991814207619, 92.65170147473667, 66.46814702297368, 46.26909842426935, 32.02940497203354, 41.422760782334954, 64.25475137282068, 60.75258850368768, 68.08007645322638, 84.85623378667518, 8.562367092467742, 63.724884699793876, 61.75384615976988, 20.97457763305378, 50.306340241619594, 32.892581214507935, 14.806641758633774, 67.49632101448918, 38.44830011023184, 68.53325990173181, 46.7977245513953, 68.5650031698281, 58.7189233137147, 32.66826930816331, 56.13172759099989, 42.00546921839522, 70.14505486278121, 52.32539823111648, 65.0572454428629, 95.36924338928797, 88.11504990512341, 48.85983660063211, 12.93435853023179, 97.43931120935207, 37.84700260294404, 58.57855946255268, 104.44726906468158, 86.29156882383062, 87.9111519794858, 77.05583536568638, 53.28930117305974, 23.543980434664693, 71.28682525730808, 49.19599994342409, 49.99235144283142, 99.57477738847798, 86.64869597436923, 36.11102162013755, 64.91702042743464, 45.94972046936088, 75.64925624770093, 30.359341519855768], [64.0504663464964, 20.754941676770414, 1.9811148169410626, 38.00999679774634, 63.65744702069119, 58.487149770291815, 14.736479367923444, 69.99650207749615, 22.65918163275525, 49.42746797874908, 22.06733500390457, 74.95361224709609, 98.68715498614642, 18.209482638601376, 72.9339056058879, 0.0, 11.891820774478836, 73.37564699242648, 7.962363745241897, 53.51575922933316, 33.865291408226135, 61.466677607655335, 77.89017974886765, 56.63471311957244, 52.165039301888775, 29.733080282637676, 29.692349227105026, 34.11190060257497, 27.49254570724666, 82.88984595444752, 52.78732405555578, 79.5407711444022, 98.45872627740741, 51.07442601910683, 12.564631925332955, 66.98750876268655, 93.27634496793216, 29.892070875898256, 57.12254098610924, 58.6647625560267, 54.11393227096474, 68.29554236695951, 9.410403283057855, 44.290101143039315, 56.09780750439203, 47.48753752754374, 55.04529126886371, 69.24440964672927, 85.56086537959241, 82.60526050462425, 86.62351483439068, 30.98972952114484, 26.06649863462068, 39.453992513928625, 48.05386705312235, 62.27964749526504, 26.829845125538387, 67.24450422434789, 62.334554200088725, 62.6974269208388, 33.88045436027193, 72.88721384966412, 13.59027155438102, 18.343796648759785, 23.975463359810675, 96.83865017988381, 84.33961443582909, 73.00415002869953, 87.42832554685772, 89.44112403794821, 65.56473535328568, 26.70873638136656, 82.62390188424837, 18.717201828780425, 78.39883035051376, 68.5573313356001, 54.222575388908844], [75.90559453726327, 22.46695703198684, 9.985042978155407, 49.869702855934584, 75.39063127849678, 70.00225096419858, 12.23223919830181, 74.46136349036804, 33.56020162683824, 52.01568949600058, 33.794990703378, 85.57730009690209, 108.35607196752723, 11.871581937453183, 84.61799483606143, 11.891820774478836, 0.0, 74.47341195358693, 7.635505404161363, 62.06745594034069, 45.75330635354524, 73.35714649909103, 88.93880961134795, 68.48575074291834, 60.09159801086543, 29.121793764745114, 22.894300923224755, 42.22370203758881, 38.73441495156907, 94.58981036425389, 63.94576522962603, 89.20651105937691, 109.2380703595414, 59.113792154356865, 6.661869951413516, 78.45660579988585, 103.61324204401498, 39.20721248678176, 69.01363778594667, 69.06438661077593, 65.74633055133067, 79.378385681436, 18.19140969975333, 55.88177466985508, 64.2485389263559, 58.30094470022129, 63.14990827369482, 79.05097048705369, 97.280166627791, 93.07833939362976, 98.03730254786494, 38.207544914078994, 35.747257701734384, 47.82646849845792, 49.39924999042999, 67.39714648782763, 38.6082669747399, 78.4574154046148, 65.40463434336145, 74.0020927578022, 43.608291542552834, 75.87483385872542, 5.370757697200503, 9.567402881964306, 24.393052421406832, 108.00057071084456, 96.21167842887002, 81.5903406159235, 98.50755444508293, 100.53723088006915, 68.59366783129113, 27.146754762670874, 94.19157697622849, 28.279585355068676, 89.42619028741466, 76.30844911629498, 65.95540054818633], [92.58092492684553, 52.940299867525475, 73.91580479795515, 85.03766130414192, 87.58690058583524, 79.76170437224191, 85.74793602998558, 21.357310280654456, 86.45035925146092, 24.57034589773841, 71.90191839438428, 127.13929930315398, 78.46532289242863, 86.34494932620018, 112.79582405690326, 73.37564699242648, 74.47341195358693, 0.0, 68.68714149002416, 48.205555752114485, 79.53151588671726, 95.9310099073551, 125.85959577113574, 87.9557186019586, 44.098172798482665, 45.36070779284072, 96.88224111094037, 49.66765991020304, 87.48686880201387, 98.9312378038493, 71.68633548074493, 66.37950891535347, 92.18582467567697, 44.8908359106978, 67.81162819289317, 112.11186912619728, 82.55814372869467, 55.999663205499374, 91.89655676609603, 64.90385324510339, 80.01195636887832, 117.69902347655886, 81.83832636442796, 75.10690863429517, 45.50671012031147, 65.99811310504361, 45.163629505225984, 62.82610408542305, 101.41433438905037, 77.39785102793849, 94.59107155059321, 48.404963112618525, 92.81408984534664, 48.906494586729025, 25.35242067821968, 25.922656541390488, 73.53157507933447, 115.51657413555422, 15.35670974845374, 78.16931475429448, 57.05497788731036, 11.97095512974124, 69.33667511144027, 83.66104189206342, 96.98209938267762, 97.09666866044567, 107.64599525043424, 52.93055734051958, 89.10552208657374, 90.74803477636242, 13.491283128840145, 47.48466712663227, 95.22912631333634, 61.060870589311854, 82.50314590354428, 44.47478272933765, 82.46442798805481], [69.97778292375045, 15.868025501267374, 6.975000556270329, 44.80026338786892, 69.09256628594287, 63.37330696843583, 17.079051614174666, 67.45824796791392, 30.525826349767485, 45.53215776053032, 27.764917027307135, 82.79216103570032, 100.79316384438349, 18.46376432222871, 80.06620139725788, 7.962363745241897, 7.635505404161363, 68.68714149002416, 0.0, 54.434173189301646, 40.215276170228165, 67.88937655278029, 85.57067163322498, 62.5601362326912, 52.46418155546723, 23.77303150277714, 29.977006850114517, 34.58869378107365, 35.1970439206392, 88.18577116600038, 56.99872803539398, 81.6525094032937, 101.99150439846647, 51.482167781265204, 4.801891211482241, 74.39650892264339, 96.20165464708352, 31.680559725387354, 63.42809039676852, 61.71427471679291, 59.293598782413206, 75.9700820082149, 16.99978023224346, 49.408931288115824, 56.61555876395247, 51.15791760039032, 55.517772474992405, 71.52948647806004, 90.90982881975812, 85.72079098144279, 91.23965694920008, 30.592975351221433, 34.01936635057497, 40.19374052252326, 43.386732397674876, 60.2049432585683, 32.62715566606222, 74.84834524125888, 58.813436187313336, 67.1448395743065, 36.14319439260865, 69.34578751662205, 6.345181076534722, 16.902672940355426, 28.49216772860377, 100.9773219545833, 90.3401432011506, 73.95521799332799, 91.4380031402584, 93.47647127396382, 62.02799930580424, 21.234721348636597, 87.57862111874886, 20.90262852046863, 82.33532433779152, 68.69897667202541, 59.685310638667026], [44.53899960871191, 43.05840016494702, 55.17140706328767, 43.20184316849851, 39.40683723638725, 31.63965781887744, 68.20607602173206, 30.41844278742747, 53.316470588356225, 31.881948838907107, 38.09723601825908, 81.6795063749169, 47.16603815072102, 71.58130346306238, 65.2816500446963, 53.51575922933316, 62.06745594034069, 48.205555752114485, 54.434173189301646, 0.0, 38.98929178035514, 48.430275776178924, 79.32594055890935, 40.52835700585911, 4.46682037394196, 44.495041892105, 83.17777675911555, 19.853689937264463, 51.596637028406384, 51.710756834849924, 23.85944801051453, 28.505899154093996, 52.71406287540926, 4.333305065908349, 57.1078258129615, 65.64500963239807, 44.8523516346675, 23.73095198827231, 44.75724836788071, 16.945923522094958, 32.41211226649523, 71.9853793966197, 57.629181520805574, 29.742651101757257, 3.6697464647150766, 19.22110351247476, 3.338670952782288, 19.674589884264048, 54.35108645371424, 35.83691296935447, 49.12178937121268, 24.2488912829932, 59.85016180738797, 14.241460383364963, 36.946994184572965, 22.862866177338404, 36.67293890034868, 69.63096241333535, 33.021114774855505, 30.03757485586998, 20.459820817603763, 39.18727325010956, 59.266815918863365, 70.98003677149013, 75.32204180446503, 54.773817693027155, 59.720924041331756, 19.545004505799614, 45.48569885529203, 47.43587260510603, 34.74753483574644, 42.81834468182203, 48.525036924572674, 34.81711633446225, 37.262897246193496, 15.844298639767622, 35.01810679406188], [30.298195326266715, 41.57630291515455, 35.80052494305765, 5.8120840982022735, 30.580026211234237, 26.95689454960346, 44.523874140567884, 66.93326546428294, 18.444624268912165, 56.099747910209764, 12.747542623852253, 48.83122839598195, 73.96128627474246, 49.46682468772836, 40.71609863876917, 33.865291408226135, 45.75330635354524, 79.53151588671726, 40.215276170228165, 38.98929178035514, 0.0, 27.680637819805586, 49.302320346531424, 22.929194080376305, 40.67984835895122, 49.78502273413714, 59.08040760521168, 29.924618758622152, 14.390982911502238, 49.77658788576466, 24.251313321045274, 55.99626507729841, 69.1619169155066, 39.44648190726291, 44.91399756336715, 36.42129111344303, 66.02843722191369, 23.844680703178376, 23.269663825646976, 33.88759142578761, 22.004855039955817, 40.10021112231017, 31.060637155583983, 13.550168595921585, 42.63006382748226, 22.464416942324043, 42.03462519362064, 46.05744049490563, 52.342461559985836, 55.25262979967531, 54.78977981309565, 32.15746105405601, 23.676152361633118, 31.060431730468146, 58.22081268952226, 58.50690913583415, 8.149664220439726, 38.325697439892494, 64.77897431186419, 32.239635235070935, 22.53242387618893, 73.8504685864136, 46.55220117328354, 50.99171994469131, 45.97161213161696, 65.94345158764999, 50.50359529847931, 54.72085147047033, 57.11410282322828, 58.99688085189503, 67.54809816269524, 46.29623991300219, 50.13187611300152, 24.363484845733396, 48.63508185875586, 54.260205420404326, 21.362872003293404], [6.900889212449156, 67.81580170089993, 63.37940113092319, 23.684057361719788, 12.346842301626163, 17.762649592278645, 71.07210913268075, 78.80520078471278, 42.81280453930256, 75.46328482458215, 40.24066914775116, 35.21859350786901, 63.43518135279758, 76.17233015361255, 16.88265986620324, 61.466677607655335, 73.35714649909103, 95.9310099073551, 67.88937655278029, 48.430275776178924, 27.680637819805586, 0.0, 31.425027973096444, 7.975347344958467, 52.11341761302208, 75.08180818407419, 84.82699239375589, 50.28173639565523, 37.35765220978074, 26.080248880040813, 24.584056097229787, 50.05467140764635, 52.165328866443794, 51.19750460358639, 72.57189450080234, 18.345093653346186, 52.816271353129665, 46.03063816170305, 4.663007194415541, 33.88234933864666, 16.021696218564713, 25.70740888772832, 57.68836110897373, 22.18308419063222, 51.718434281883866, 29.939452862136473, 51.724641882847976, 43.27379508808045, 28.05233380713304, 43.67638665161833, 34.23842048120756, 54.24929518600618, 45.38914456451282, 48.48887682063389, 78.98025540895883, 71.24678552845022, 35.41826653354411, 23.205254785077315, 80.57436948338386, 22.27665017496234, 42.494283746690044, 87.57813791261073, 74.22909796853449, 78.06553538745162, 70.22820218484945, 46.279231846047274, 23.552869803806228, 55.556618258480526, 39.68013049942312, 41.0276019688871, 82.69507288470413, 71.78852378457262, 28.39987064900616, 50.63738890997738, 33.975825874339314, 59.3029381334108, 13.47730340820654], [37.061530426520605, 90.38070096584441, 79.46767409141049, 43.527024504691845, 42.980586658871744, 49.18247779409063, 82.54203825005071, 109.73781458217945, 55.3894005997747, 103.95561283750583, 61.16269957817651, 7.782375348557805, 91.1828405194691, 87.61913288216131, 16.153899301429426, 77.89017974886765, 88.93880961134795, 125.85959577113574, 85.57067163322498, 79.32594055890935, 49.302320346531424, 31.425027973096444, 0.0, 38.99046731331077, 82.73742044975006, 98.94283904828708, 93.04375716354615, 77.79577155306353, 50.39953551454018, 47.632648055608755, 55.6970078174329, 80.29710707628325, 76.38912411590248, 81.73165376898456, 90.34439095315628, 13.755343069010095, 79.76178557581359, 72.39011602325554, 34.61796604877581, 65.30381542568466, 47.107629257486764, 9.600958377225277, 70.93018932253474, 50.753452100132925, 82.73995474188386, 60.296589306338625, 82.65538781129708, 74.39777474226803, 47.93849917817372, 72.28543562611301, 57.714305782071634, 80.8700559746167, 53.96806590293074, 77.245732695983, 106.7488950584049, 101.93273855608709, 57.20767133515611, 11.000304246959136, 110.56524046884617, 53.392826975553895, 69.89458069439677, 118.20630216224332, 91.48041169850951, 90.57543310529195, 77.00176668816488, 68.61986712584844, 38.11394491748832, 86.84469832781605, 65.11988685952588, 65.81598562681103, 112.90635761116572, 95.41710774430304, 51.92615455682506, 73.45590958119894, 62.1022425918446, 90.72370105493457, 44.422628013138315], [7.423321269827364, 61.20538608519669, 58.59134416507416, 20.319719664222664, 8.750379128606877, 10.82112172222133, 67.36168745534945, 70.93006840838923, 39.97751306490734, 67.59661764077616, 34.80588387604297, 42.17258120945147, 59.18460300436795, 72.34956619958464, 24.850269397776415, 56.63471311957244, 68.48575074291834, 87.9557186019586, 62.5601362326912, 40.52835700585911, 22.929194080376305, 7.975347344958467, 38.99046731331077, 0.0, 44.16372733937187, 68.08982238190941, 81.68155671991943, 42.67171473181211, 34.820472095425934, 27.153913989779788, 16.735853839366072, 44.315701939304844, 50.028306494787074, 43.23759264212906, 67.13211427364114, 25.52442435114165, 49.24849941068929, 38.741697866541855, 4.518006375000342, 26.49432979826756, 8.136627236002603, 32.4850089616993, 53.886911161369106, 14.774734450549424, 43.858493272544344, 21.965135884730916, 43.83499076321155, 36.672668187546684, 29.608832139968786, 39.3390526837263, 33.4530725117437, 46.80377088575485, 43.60185483118087, 40.652170118768304, 71.20589370060131, 63.31573874710681, 29.947301379597103, 30.013895624639883, 72.59906370688708, 16.192899704887736, 34.98635980058353, 79.64417814629049, 68.89876585085808, 73.9206854950969, 67.81351792469707, 45.26156459474624, 27.780008519180566, 48.60895754218606, 37.47440923499594, 39.09865095685323, 74.7245081443281, 64.87806657661629, 28.170065637550206, 44.24746900887382, 30.40450120023297, 51.851269280951776, 5.518010074080553], [48.49799049566702, 40.2428832349862, 53.72950795097581, 45.259120622099324, 43.50047692358891, 35.663583684138686, 66.90107397351267, 27.139666172374664, 53.85863114069598, 27.435009539280394, 38.376833045204584, 84.81521725423801, 50.30729348799654, 70.02976089217306, 68.99342576943835, 52.165039301888775, 60.09159801086543, 44.098172798482665, 52.46418155546723, 4.46682037394196, 40.67984835895122, 52.11341761302208, 82.73742044975006, 44.16372733937187, 0.0, 40.983157503476654, 81.67998086797861, 18.06872684754964, 52.58370185077572, 56.15533708281195, 27.654158707202456, 32.03843798200071, 56.76259987322818, 1.2571106390241793, 54.84427728543704, 69.01081420978299, 48.66238267920006, 22.919206502081916, 48.289452391667076, 21.35141441929909, 36.10441494075579, 75.16082517060116, 56.93393823764933, 32.56677032954583, 4.319101345075836, 22.44224597095462, 3.1976276145768554, 23.733918411760445, 58.80266210901663, 39.9493869397499, 53.57200038049555, 21.912398130451514, 60.4743571446182, 12.791224277639513, 32.54474492270053, 19.196536404686423, 37.508550872957606, 72.84513009370605, 28.828025186211413, 34.33490460661706, 20.402598899591396, 35.499725287397276, 56.995006836689505, 69.20248539262127, 74.60696662685129, 59.061446560198775, 64.06827440000933, 21.811221277873166, 49.83257417432442, 51.768167765720214, 30.699429723687448, 39.52743408998629, 52.989704342453095, 33.64519926255289, 41.68634320746085, 16.3925792517034, 38.64617580401922], [74.98946260188578, 9.4329609370588, 29.794372905907757, 55.478513379610504, 72.26175562445138, 64.9967883128175, 40.63530337786225, 47.5271797184136, 48.22011155491718, 23.936975587620985, 37.85620819310886, 97.74205579131319, 9