99,28,"[[59.944617248784894, 27.066370565424236], [16.2620640975636, 28.048954863382992], [71.17918377082846, 70.25013762955228], [12.180388951464716, 80.45308300017133], [62.278614253153954, 94.32490763964489], [90.43861660000555, 61.76328187207443], [49.630979691258844, 61.111129965560615], [1.3608963068514224, 68.83263466004715], [87.08120139448357, 52.869756155586344], [52.9885781070027, 80.89350543441537], [34.10370638678049, 53.32984286592598], [79.42724054056646, 74.00308981126348], [2.1419706367373226, 23.60818094799726], [15.666375579852254, 13.713982216965292], [21.941683332626326, 27.099714841109613], [54.030998040942116, 3.7383341036894002], [2.792025868315473, 61.091318921167094], [34.472289628977535, 64.93713126658803], [73.62519992123143, 56.947685128979465], [55.47104454646693, 84.97781888724357], [65.91121333840441, 67.3689364294894], [85.84572262899141, 47.38491538713209], [38.18685422553588, 38.84288551715356], [93.39686353324367, 98.37911505027259], [6.647232753156407, 6.774117804856417], [59.35478524962774, 94.09793423693887], [76.67632977041109, 80.64776292994513], [16.37724748211421, 79.29937845716076]]","[[0.0, 43.693602755001436, 44.62121942290565, 71.63492562590473, 67.29902191994114, 46.19263632500093, 35.572696865449856, 71.94771140087863, 37.44607999525678, 54.2747356395825, 36.84457424719792, 50.81956536504622, 57.906001681927016, 46.247691400765774, 38.00294854450949, 24.0659131822459, 66.51402718309782, 45.6402672040339, 32.864133980736234, 58.083979714321195, 40.74183456993527, 32.919758862851864, 24.740383105040355, 78.76903139836972, 57.02970029882353, 67.03415868074686, 56.133018907119904, 68.01766551274764], [43.693602755001436, 0.0, 69.25915000973748, 52.562845411708956, 80.6847247291782, 81.47893461991578, 46.97437546563245, 43.42065567542469, 75.0428036807464, 64.3535807577164, 30.942648525514016, 78.1128800767434, 14.801942855923992, 14.347344199665553, 5.7583965889108475, 44.916574367831466, 35.68248523329826, 41.13818022541752, 64.23134719502826, 69.12481252697683, 63.33323748789597, 72.22025272729479, 24.4377855198469, 104.38442755457416, 23.346598759739088, 78.86349150638695, 80.10317164015693, 51.25055302875989], [44.62121942290565, 69.25915000973748, 0.0, 59.874517821634434, 25.667385702050197, 21.046436124670112, 23.406122278952555, 69.83267558293245, 23.557415492443482, 21.075564349416737, 40.753986285307754, 9.061737722701515, 83.31631845206545, 79.23388632450326, 65.46976734511364, 68.68682757333944, 68.99773421001815, 37.08940703427258, 13.525466259542707, 21.53253893808337, 6.0044011218553575, 27.164788794932143, 45.5511722579887, 35.84500892398588, 90.51838374016855, 26.618298281735683, 11.761344567186896, 55.54404541036196], [71.63492562590473, 52.562845411708956, 59.874517821634434, 0.0, 51.98326362597025, 80.45905083269781, 42.15041985499837, 15.877538874533926, 79.81836646060536, 40.810565716181316, 34.87552154089682, 67.55546951049658, 57.72445522984794, 66.83008062335576, 54.23895981591164, 87.38779193577628, 21.51788255456513, 27.160147164825588, 65.78729758998612, 43.52647581292168, 55.30096184320162, 80.7470438784319, 49.06877592346489, 83.17125926997862, 73.88643806387817, 49.108101484069344, 64.49623463734987, 4.352545887046876], [67.29902191994114, 80.6847247291782, 25.667385702050197, 51.98326362597025, 0.0, 43.04933454540262, 35.540367012662415, 66.03653792751099, 48.30836276949873, 16.33117683436932, 49.74355002490315, 26.59044308384604, 92.82925906969791, 93.11724916274994, 78.39830701544298, 90.96125811667851, 68.1404844184141, 40.45779392475422, 39.06151262988692, 11.563350442526168, 27.199635291615483, 52.524008509104, 60.48692156184635, 31.3812370053539, 103.73037842548136, 2.9326256098242496, 19.858461660610445, 48.29805377717817], [46.19263632500093, 81.47893461991578, 21.046436124670112, 80.45905083269781, 43.04933454540262, 0.0, 40.812847636317606, 89.35779765340135, 9.506157821754543, 42.053190564718626, 56.96266322954497, 16.464000155206012, 96.1878860090461, 88.87982462022731, 76.76843587273348, 68.5011624183566, 87.64916657388005, 56.05624920209228, 17.489452604532442, 41.97196474014617, 25.15982658474158, 15.094108049311531, 57.0577886033512, 36.73513936616615, 100.22377049274006, 44.8523613088025, 23.367159938792444, 76.1091392610508], [35.572696865449856, 46.97437546563245, 23.406122278952555, 42.15041985499837, 35.540367012662415, 40.812847636317606, 0.0, 48.883766064866805, 38.3463081390688, 20.065289589541244, 17.36792000208737, 32.465670935053794, 60.511793610786185, 58.31023878485451, 43.85742230915897, 57.541270984272636, 46.83895801259142, 15.634070818560646, 24.352759132214974, 24.570820043242772, 17.441506510208324, 38.72875640527481, 25.03682724486512, 57.483521993214914, 69.28285062980122, 34.39013885658481, 33.363617736824885, 37.90281109666799], [71.94771140087863, 43.42065567542469, 69.83267558293245, 15.877538874533926, 66.03653792751099, 89.35779765340135, 48.883766064866805, 0.0, 87.19394585901543, 53.017752987972635, 36.22745043944129, 78.2373805063004, 45.231198200602094, 56.944820522778976, 46.53176754878514, 83.73414824073211, 7.872490151834318, 33.33975576426722, 73.23511181275906, 56.46746953993314, 64.56690980203511, 87.16473220685033, 47.492486040240145, 96.66236996239812, 62.28326313938219, 63.25841064567745, 76.23655142933754, 18.304194282547165], [37.44607999525678, 75.0428036807464, 23.557415492443482, 79.81836646060536, 48.30836276949873, 9.506157821754543, 38.3463081390688, 87.19394585901543, 0.0, 44.132046024003394, 52.97949279742339, 22.476674757522996, 89.8382585836739, 81.44477870843856, 70.05177972529223, 59.213280390061726, 84.68919178495895, 53.97517150709595, 14.0603513597706, 45.056960709043054, 25.659201525177547, 5.622266983635685, 50.866593015307316, 45.945503972166044, 92.70615506186893, 49.684170720114054, 29.662754657478313, 75.48227628951268], [54.2747356395825, 64.3535807577164, 21.075564349416737, 40.810565716181316, 16.33117683436932, 42.053190564718626, 20.065289589541244, 53.017752987972635, 44.132046024003394, 0.0, 33.4124808129955, 27.32179896594862, 76.59625247196799, 76.85073286053654, 62.11023733272664, 77.16221291793254, 53.96128656135553, 24.44297067840068, 31.611271249409246, 4.779566507960694, 18.70584048079287, 46.92992172479883, 44.579655284548814, 44.02926384493291, 87.41398007061153, 14.65897449972958, 23.689026325406665, 36.64601985133596], [36.84457424719792, 30.942648525514016, 40.753986285307754, 34.87552154089682, 49.74355002490315, 56.96266322954497, 17.36792000208737, 36.22745043944129, 52.97949279742339, 33.4124808129955, 0.0, 49.81571928068799, 43.64550079125272, 43.696127771714245, 28.91253051823784, 53.445436605803934, 32.25929087017417, 11.613139008148146, 39.68673876541109, 38.18582886721572, 34.767997448287005, 52.08241937100597, 15.051379654313557, 74.46553168234632, 54.048991483244116, 47.954710485759236, 50.583564706222425, 31.442711780685077], [50.81956536504622, 78.1128800767434, 9.061737722701515, 67.55546951049658, 26.59044308384604, 16.464000155206012, 32.465670935053794, 78.2373805063004, 22.476674757522996, 27.32179896594862, 49.81571928068799, 0.0, 92.26407634309588, 87.75092247409879, 74.19242462069975, 74.7134862507753, 77.71531351915357, 45.85999581113308, 18.015285294018774, 26.350408057540083, 15.056393406871681, 27.381090591737106, 54.194182616001385, 28.095212635079754, 99.07908059007075, 28.402574423788263, 7.191605587035998, 63.27204989639214], [57.906001681927016, 14.801942855923992, 83.31631845206545, 57.72445522984794, 92.82925906969791, 96.1878860090461, 60.511793610786185, 45.231198200602094, 89.8382585836739, 76.59625247196799, 43.64550079125272, 92.26407634309588, 0.0, 16.757228219323927, 20.105209070449888, 55.56331504302607, 37.48877437473501, 52.47219893025784, 78.87569085575913, 81.30327536368743, 77.34028727031641, 87.01523543707688, 39.13220995854326, 117.97520105547456, 17.426504774190775, 90.7860753346284, 93.85565834909907, 57.48175873152441], [46.247691400765774, 14.347344199665553, 79.23388632450326, 66.83008062335576, 93.11724916274994, 88.87982462022731, 58.31023878485451, 56.944820522778976, 81.44477870843856, 76.85073286053654, 43.696127771714245, 87.75092247409879, 16.757228219323927, 0.0, 14.783684428352357, 39.640355849334476, 49.095426606541004, 54.56622949941615, 72.30752648596928, 81.62687111797118, 73.50780797256361, 77.83875957897425, 33.74364739474536, 114.93569278145887, 11.380099093891689, 91.48910799556167, 90.56680137261864, 65.58924865284607], [38.00294854450949, 5.7583965889108475, 65.46976734511364, 54.23895981591164, 78.39830701544298, 76.76843587273348, 43.85742230915897, 46.53176754878514, 70.05177972529223, 62.11023733272664, 28.91253051823784, 74.19242462069975, 20.105209070449888, 14.783684428352357, 0.0, 39.692294320283885, 39.01459379432031, 39.85832630592032, 59.683223918201506, 66.88866115705491, 59.62323185020291, 67.04636902609808, 20.04513993132835, 100.92866625335301, 25.43717974556127, 76.73657274900675, 76.57202475312734, 52.49540768451425], [24.0659131822459, 44.916574367831466, 68.68682757333944, 87.38779193577628, 90.96125811667851, 68.5011624183566, 57.541270984272636, 83.73414824073211, 59.213280390061726, 77.16221291793254, 53.445436605803934, 74.7134862507753, 55.56331504302607, 39.640355849334476, 39.692294320283885, 0.0, 76.90771831735118, 64.24823615423122, 56.70244954019244, 81.2522468725352, 64.73015578428776, 54.01111698850153, 38.51449627327124, 102.50145747323363, 47.4809140131931, 90.51629713197565, 80.1740063332162, 84.42319796675378], [66.51402718309782, 35.68248523329826, 68.99773421001815, 21.51788255456513, 68.1404844184141, 87.64916657388005, 46.83895801259142, 7.872490151834318, 84.68919178495895, 53.96128656135553, 32.25929087017417, 77.71531351915357, 37.48877437473501, 49.095426606541004, 39.01459379432031, 76.90771831735118, 0.0, 31.912840433614022, 70.95426870466952, 57.84154120977761, 63.43059441992505, 84.17708740181095, 41.80653852413423, 97.9776318781676, 54.45384244692625, 65.48879601452121, 76.42869137546248, 22.71765125100555], [45.6402672040339, 41.13818022541752, 37.08940703427258, 27.160147164825588, 40.45779392475422, 56.05624920209228, 15.634070818560646, 33.33975576426722, 53.97517150709595, 24.44297067840068, 11.613139008148146, 45.85999581113308, 52.47219893025784, 54.56622949941615, 39.85832630592032, 64.24823615423122, 31.912840433614022, 0.0, 39.95975017363133, 29.027174653994166, 31.532833687403944, 54.28913243445634, 26.357307361979963, 67.75301977910316, 64.47611902939144, 38.33394081212234, 45.033375972953806, 23.102049577036976], [32.864133980736234, 64.23134719502826, 13.525466259542707, 65.78729758998612, 39.06151262988692, 17.489452604532442, 24.352759132214974, 73.23511181275906, 14.0603513597706, 31.611271249409246, 39.68673876541109, 18.015285294018774, 78.87569085575913, 72.30752648596928, 59.683223918201506, 56.70244954019244, 70.95426870466952, 39.95975017363133, 0.0, 33.39553496917317, 12.96564952744039, 15.51733676848154, 39.79522728458772, 45.90732041090606, 83.686527852433, 39.796805696977245, 23.8956707612149, 61.45670226353258], [58.083979714321195, 69.12481252697683, 21.53253893808337, 43.52647581292168, 11.563350442526168, 41.97196474014617, 24.570820043242772, 56.46746953993314, 45.056960709043054, 4.779566507960694, 38.18582886721572, 26.350408057540083, 81.30327536368743, 81.62687111797118, 66.88866115705491, 81.2522468725352, 57.84154120977761, 29.027174653994166, 33.39553496917317, 0.0, 20.471196003535017, 48.330605853699865, 49.266371006121524, 40.223904393618625, 92.19318554541853, 9.912615489422345, 21.64286270395301, 39.50404605387646], [40.74183456993527, 63.33323748789597, 6.0044011218553575, 55.30096184320162, 27.199635291615483, 25.15982658474158, 17.441506510208324, 64.56690980203511, 25.659201525177547, 18.70584048079287, 34.767997448287005, 15.056393406871681, 77.34028727031641, 73.50780797256361, 59.62323185020291, 64.73015578428776, 63.43059441992505, 31.532833687403944, 12.96564952744039, 20.471196003535017, 0.0, 28.22668520527834, 39.77908582248305, 41.43781056868168, 84.75819393404285, 27.52137483982111, 17.094296271676868, 50.95045849084922], [32.919758862851864, 72.22025272729479, 27.164788794932143, 80.7470438784319, 52.524008509104, 15.094108049311531, 38.72875640527481, 87.16473220685033, 5.622266983635685, 46.92992172479883, 52.08241937100597, 27.381090591737106, 87.01523543707688, 77.83875957897425, 67.04636902609808, 54.01111698850153, 84.17708740181095, 54.28913243445634, 15.51733676848154, 48.330605853699865, 28.22668520527834, 0.0, 48.41832309980899, 51.550248575929395, 89.00358239352677, 53.701730822197625, 34.50354752849926, 76.44868862368091], [24.740383105040355, 24.4377855198469, 45.5511722579887, 49.06877592346489, 60.48692156184635, 57.0577886033512, 25.03682724486512, 47.492486040240145, 50.866593015307316, 44.579655284548814, 15.051379654313557, 54.194182616001385, 39.13220995854326, 33.74364739474536, 20.04513993132835, 38.51449627327124, 41.80653852413423, 26.357307361979963, 39.79522728458772, 49.266371006121524, 39.77908582248305, 48.41832309980899, 0.0, 81.19549097565341, 44.979479601327675, 59.17095328678218, 56.82506052102433, 45.96070895131575], [78.76903139836972, 104.38442755457416, 35.84500892398588, 83.17125926997862, 31.3812370053539, 36.73513936616615, 57.483521993214914, 96.66236996239812, 45.945503972166044, 44.02926384493291, 74.46553168234632, 28.095212635079754, 117.97520105547456, 114.93569278145887, 100.92866625335301, 102.50145747323363, 97.9776318781676, 67.75301977910316, 45.90732041090606, 40.223904393618625, 41.43781056868168, 51.550248575929395, 81.19549097565341, 0.0, 126.16249030838829, 34.31022592499636, 24.371645355393337, 79.34770069211791], [57.02970029882353, 23.346598759739088, 90.51838374016855, 73.88643806387817, 103.73037842548136, 100.22377049274006, 69.28285062980122, 62.28326313938219, 92.70615506186893, 87.41398007061153, 54.048991483244116, 99.07908059007075, 17.426504774190775, 11.380099093891689, 25.43717974556127, 47.4809140131931, 54.45384244692625, 64.47611902939144, 83.686527852433, 92.19318554541853, 84.75819393404285, 89.00358239352677, 44.979479601327675, 126.16249030838829, 0.0, 101.99772059429718, 101.7909125271977, 73.17504095872049], [67.03415868074686, 78.86349150638695, 26.618298281735683, 49.108101484069344, 2.9326256098242496, 44.8523613088025, 34.39013885658481, 63.25841064567745, 49.684170720114054, 14.65897449972958, 47.954710485759236, 28.402574423788263, 90.7860753346284, 91.48910799556167, 76.73657274900675, 90.51629713197565, 65.48879601452121, 38.33394081212234, 39.796805696977245, 9.912615489422345, 27.52137483982111, 53.701730822197625, 59.17095328678218, 34.31022592499636, 101.99772059429718, 0.0, 21.930412964031415, 45.45399878696323], [56.133018907119904, 80.10317164015693, 11.761344567186896, 64.49623463734987, 19.858461660610445, 23.367159938792444, 33.363617736824885, 76.23655142933754, 29.662754657478313, 23.689026325406665, 50.583564706222425, 7.191605587035998, 93.85565834909907, 90.56680137261864, 76.57202475312734, 80.1740063332162, 76.42869137546248, 45.033375972953806, 23.8956707612149, 21.64286270395301, 17.094296271676868, 34.50354752849926, 56.82506052102433, 24.371645355393337, 101.7909125271977, 21.930412964031415, 0.0, 60.31415642697196], [68.01766551274764, 51.25055302875989, 55.54404541036196, 4.352545887046876, 48.29805377717817, 76.1091392610508, 37.90281109666799, 18.304194282547165, 75.48227628951268, 36.64601985133596, 31.442711780685077, 63.27204989639214, 57.48175873152441, 65.58924865284607, 52.49540768451425, 84.42319796675378, 22.71765125100555, 23.102049577036976, 61.45670226353258, 39.50404605387646, 50.95045849084922, 76.44868862368091, 45.96070895131575, 79.34770069211791, 73.17504095872049, 45.45399878696323, 60.31415642697196, 0.0]]",Route_4,1339.2592370210327
