238,58,"[[13.061676295856895, 31.26081796398773], [81.35415626104606, 46.059380424321475], [90.37468725167855, 28.469382204995817], [84.6176705956751, 26.628404055776457], [25.700616798541166, 80.86741711785879], [94.50921854249422, 4.946303553215426], [27.641496094150565, 18.470627067443413], [31.90181528710816, 94.93288321665003], [68.08302484536534, 1.5605015821650636], [26.27360857600831, 88.71537714368522], [15.907801646862119, 45.45640499133571], [22.464730385575983, 56.06135866677102], [71.08395891090765, 94.40655017870874], [37.05276105177266, 5.966503334362971], [14.511187027845118, 83.84128510632276], [66.11340131032955, 99.17582473132434], [79.48149311087137, 46.79851519939445], [40.053176793542455, 12.864805997471185], [93.81659767909014, 30.836081465665632], [61.844878771302916, 48.538011316078176], [26.60874584208519, 35.45819065573442], [70.63420353787345, 65.7039574177211], [79.63820983254402, 49.16734231796626], [25.765608472026315, 32.71711170532736], [43.19878953447398, 72.99184579029641], [88.95009577196721, 43.631959403285705], [47.34223088733233, 4.3005685639275875], [42.16773002734169, 76.43731291393959], [58.03838779641352, 29.562249985408172], [25.83215498951742, 64.13022927825183], [18.57099529628512, 15.84961505558702], [23.81329464666613, 52.10320301160694], [90.75346358021805, 24.534807473806232], [26.944092161386568, 41.00496901935189], [86.68124940132515, 91.08905166570953], [2.8448792300066694, 41.4722336186518], [68.80159112940524, 60.942854477572], [64.92527034128739, 10.749502135998767], [96.26355861634809, 76.37850751777609], [33.16083214864636, 19.564987574575177], [45.28485914929923, 77.12181622954722], [72.0200800388377, 83.60634258372129], [11.008484525210338, 69.20662350286635], [67.13023791678745, 22.580560828168363], [81.59149787028647, 50.95797738816622], [13.936392754887317, 95.01498543977405], [46.098051116492265, 92.72706104584375], [16.772411073909822, 40.27875945289331], [8.836264470746013, 58.53602492668165], [45.67334798520765, 6.8175192737525485], [2.769535933562317, 38.878111758930814], [36.696799735108776, 8.001847226890069], [53.193793815970466, 27.343438440483624], [94.66535607254808, 20.93860437632391], [4.013921063348369, 37.241827422030795], [3.5681402686185693, 20.802360026829604], [92.45117666975979, 38.301533142631925], [2.529765745278034, 75.6333054704628]]","[[0.0, 69.87746611525178, 77.3633878307535, 71.70578483534368, 51.1913810777091, 85.59296587157449, 19.394847989111984, 66.40092417089502, 62.525655449478165, 58.95406283801539, 14.478091053887072, 26.523277425020343, 85.75528424997539, 34.862221678315095, 52.6004430234986, 86.17965926608552, 68.2129907064574, 32.66426725626613, 80.75603834206572, 51.75231641082243, 14.182419779563958, 67.08893909179113, 68.94257343761728, 12.787129630913174, 51.47547258449774, 76.8901642025376, 43.612056484561364, 53.74084163634866, 45.00877370671365, 35.26305894575101, 16.36636095570356, 23.452128083282304, 77.98238922059552, 16.960835771071675, 94.86442479717687, 14.44492824340378, 63.1503079742686, 55.77227325745942, 94.64755217302182, 23.254429997155963, 56.049662578110414, 78.84254764805273, 38.00131253577226, 54.76090046465915, 71.30437948965447, 63.760167811999274, 69.78181066644319, 9.751554813996387, 27.600561949887428, 40.755318441082686, 12.804347620853301, 33.16019872886529, 40.322856036984476, 82.25392784813445, 10.845936975871933, 14.124679420212619, 79.70109434533957, 45.605249559208424], [69.87746611525178, 0.0, 19.76810604759194, 19.703130930065, 65.64233293510544, 43.166430862862114, 60.383683011150055, 69.5280756457013, 46.43568829317794, 69.6663533522897, 65.44913224526587, 59.73277198242953, 49.42596257909732, 59.74991557181275, 76.78186541957989, 55.25972554480095, 2.013252962184426, 52.987269002609075, 19.673872960929494, 19.666100764243254, 55.76239939645768, 22.379159761632287, 3.550197075915219, 57.16732265780846, 46.70320867701322, 7.974375829300965, 53.85730624176116, 49.58220228381702, 28.561869193294637, 58.38876778539879, 69.67320305799834, 57.857398375590684, 23.487320383183192, 54.64432404174968, 45.34367886963627, 78.64317195887546, 19.470097361797308, 38.94477881951069, 33.786680013007185, 54.99590295176082, 47.60114612369368, 38.68978348765209, 74.05611652053597, 27.451317321630302, 4.904343305037464, 83.31750175444145, 58.48816431173267, 64.83993669206895, 73.58336284614845, 53.038134825591946, 78.91205973524764, 58.674145285281035, 33.81260855628279, 28.429587223091715, 77.84125655064544, 81.78374755006955, 13.539869142551822, 84.18967622468378], [77.3633878307535, 19.76810604759194, 0.0, 6.044207253511777, 83.23634693874416, 23.883667604716415, 63.525021661607305, 88.52385962276612, 34.942897264119274, 87.96890469669981, 76.37981405335083, 73.30129198467833, 68.70110858138356, 57.87579261776536, 93.92187336890994, 74.753000008407, 21.321791550328705, 52.68545542561765, 4.177081849901873, 34.88122483980595, 64.1477881724133, 42.14380486533105, 23.31689302222106, 64.7485618887655, 64.86767368365051, 15.229353504931408, 49.35507930867954, 68.00612546915957, 32.354761974801136, 73.73896178272558, 72.90424336985008, 70.63268699007286, 3.952764832668073, 64.65741512223352, 62.72849820076569, 88.49034657631503, 38.98621394465764, 31.01075572665946, 48.26969125844196, 57.90262048892975, 66.3336410489839, 58.11175445417916, 89.21052047701426, 23.97879567639917, 24.14293538536509, 101.34658442916916, 78.03505492700856, 74.5436546563938, 86.90522075316075, 49.669033618638885, 88.22133635576488, 57.44767703155193, 37.19793792723361, 8.667321018353842, 86.80517111164124, 87.14447675098344, 10.049029822020728, 99.70539550223211], [71.70578483534368, 19.703130930065, 6.044207253511777, 0.0, 80.08176924920623, 23.83183171699941, 57.55722184243737, 86.28130315631525, 30.029889185854955, 85.19871947496294, 71.24282216611351, 68.76981019235855, 69.1161228934897, 51.85879637381847, 90.48885454214995, 74.87012908002427, 20.81378636147944, 46.64151304740127, 10.115572582492721, 31.601122413244408, 58.67708651993939, 41.50224357186979, 23.082434175761563, 59.16618609516347, 62.16986760346326, 17.546817442601384, 43.45101429427583, 65.44405898090247, 26.740712893674672, 69.72893043851238, 66.92044239553154, 65.92524187584299, 6.483139840941579, 59.438432596830275, 64.49366982719388, 83.10913718614114, 37.78398969713531, 25.29684079004587, 51.095004670414916, 51.939369223648846, 64.00511486769209, 58.35396102007111, 85.036562990521, 17.949800458331566, 24.517052430910557, 98.34921225203973, 76.50355247118668, 69.2048512897996, 82.22480029719053, 43.69360845060513, 82.75972744324419, 51.4136021237066, 31.432010849409128, 11.546852550996858, 81.29950303797321, 81.25865587901195, 14.057942953757957, 95.60284768452752], [51.1913810777091, 65.64233293510544, 83.23634693874416, 80.08176924920623, 0.0, 102.46286721956113, 62.42696869971936, 15.371798830028029, 89.92138435118294, 7.8688497344919766, 36.74015525851408, 25.01622467032937, 47.35985499690109, 75.75630709550758, 11.577876722704803, 44.36655205599198, 63.66374741445954, 69.50072731706321, 84.51580561327998, 48.493279462744496, 45.418306289955645, 47.423177111395624, 62.56323748512776, 48.15034927430616, 19.188816347864325, 73.396021020377, 79.56658694357074, 17.052613915400766, 60.64611782793295, 16.737704713429867, 65.40753846288807, 28.82606456065858, 86.05367966397215, 39.88183796396751, 61.831378485891264, 45.54519977712152, 47.48349381286634, 80.34360862540233, 70.70558017144701, 61.75469764300686, 19.93920947449387, 46.400370554304125, 18.75720817361949, 71.51063642659366, 63.39057636526182, 18.399746106197863, 23.594628220290307, 41.55901813692307, 27.983878513032774, 76.69613655052913, 47.84282845068315, 73.69061890573391, 60.172178587515134, 91.365189540337, 48.71862937542028, 64.01294869552699, 79.16749157143744, 23.75466824163014], [85.59296587157449, 43.166430862862114, 23.883667604716415, 23.83183171699941, 102.46286721956113, 0.0, 68.22169473082754, 109.62331623293552, 26.642210274399957, 108.04330686212789, 88.42652914441318, 88.33548060125196, 92.47636733296419, 57.46551413653712, 112.35703431687728, 98.41506540026367, 44.46841745919016, 55.028748522233926, 25.89904098642298, 54.471975164947516, 74.44091245743739, 65.28023318424918, 46.65455143375628, 74.14109326778197, 85.22297778959297, 39.08303742709705, 47.17140763363529, 88.6035881857896, 44.00075356243173, 90.66022348575058, 76.71698606898502, 84.98050848290778, 19.94530474030576, 76.58507464313, 86.49768871621774, 98.67367768934125, 61.61571084256241, 30.147754559218964, 71.45374358512873, 63.06607991341476, 87.36327711207814, 81.8117539899821, 105.36489596377294, 32.56647984879633, 47.79060196795055, 120.84844935778922, 100.24521194315476, 85.38965789432841, 101.05302220253296, 48.871706552573286, 97.81378723522067, 57.893109395698104, 46.99570162782483, 15.993063013228191, 96.08537728395683, 92.31302315767597, 33.418660615180464, 116.00375846033721], [19.394847989111984, 60.383683011150055, 63.525021661607305, 57.55722184243737, 62.42696869971936, 68.22169473082754, 0.0, 76.58085227426479, 43.83457073661371, 70.25806736265923, 29.426379246179106, 37.94551363961438, 87.48435285435517, 15.650080460967324, 66.67629225304, 89.40590819922781, 59.07499078891129, 13.618922411564057, 67.3204911765473, 45.54030063707062, 17.018927397147316, 63.86987074763818, 60.381674097064554, 14.369456458346026, 56.69737798358497, 66.27093661153042, 24.26745782698187, 59.75908416557414, 32.3573040303642, 45.69543729172723, 9.441593546132623, 33.84974580351304, 63.402639723937, 22.545131169522545, 93.59021349321783, 33.822272422824256, 59.14426028355477, 38.07486825083494, 89.79036742908677, 5.626783752911326, 61.24745096756818, 78.81700418534776, 53.39286851394808, 39.70204385484981, 62.97642910253356, 77.7616142847592, 76.51576576419565, 24.36660927003448, 44.25915545996044, 21.46957390989392, 32.17265661494527, 13.84174394286815, 27.04896856676931, 67.06928297216979, 30.17648529216497, 24.186017433561958, 67.77580344101756, 62.43533297197593], [66.40092417089502, 69.5280756457013, 88.52385962276612, 86.28130315631525, 15.371798830028029, 109.62331623293552, 76.58085227426479, 0.0, 100.13731361083353, 8.386542347727321, 51.99740733829311, 40.000674897688576, 39.185678575506124, 89.11536899788905, 20.626621145812848, 34.47368809572344, 67.68118738788277, 82.47189820091253, 89.11700327856339, 55.218395390385886, 59.70976167566963, 48.52347888360143, 66.13053831586898, 62.51763958137388, 24.678548387016136, 76.72216818093555, 91.93814710563692, 21.153607878474258, 70.40198940078128, 31.39497198241889, 80.1989654837413, 43.58676029044963, 91.75731891849868, 54.155322437064896, 54.914127898618624, 60.84691108401833, 50.16886993839029, 90.42892365767464, 66.98282512669888, 75.37841081485017, 22.278688701007372, 41.68651687775378, 33.141691405043204, 80.4729787940156, 66.3540269903872, 17.96561013537448, 14.366584951640716, 56.709541668315225, 43.09003281319503, 89.18504625577148, 63.17299346643442, 87.063177601725, 70.86382289168417, 97.02791017550318, 64.07801934309053, 79.36076869870834, 82.90557867268603, 35.14528411421436], [62.525655449478165, 46.43568829317794, 34.942897264119274, 30.029889185854955, 89.92138435118294, 26.642210274399957, 43.83457073661371, 100.13731361083353, 0.0, 96.66436583834003, 68.18434022501697, 71.07300621457271, 92.89453345196091, 31.341507981274926, 98.18385378714767, 97.63519206917431, 46.65193409530176, 30.22349549807548, 38.977895637192134, 47.38988169684792, 53.564625858586076, 64.19416982288217, 48.98911700502326, 52.549957972212326, 75.64166908780076, 46.96213594216266, 20.92100621562271, 79.23471070635169, 29.748825978241623, 75.49905183204784, 51.532706448675114, 67.18908899256877, 32.276423649986505, 56.993664505629305, 91.4398995881756, 76.47850676813103, 59.38670030317565, 9.716436830771904, 79.94921197734612, 39.29021581256159, 78.92571590011697, 82.14024853413272, 88.50706730915552, 21.04164189498428, 51.21122395988492, 108.00739937538393, 93.77995859619315, 64.2797213602213, 82.19725588649001, 23.018033191095, 75.22270842729121, 32.04038171412004, 29.77329396769422, 32.8957626659216, 73.33489669401283, 67.32324597310699, 44.08752911497717, 98.91415497550084], [58.95406283801539, 69.6663533522897, 87.96890469669981, 85.19871947496294, 7.8688497344919766, 108.04330686212789, 70.25806736265923, 8.386542347727321, 96.66436583834003, 0.0, 44.48357702534819, 32.875408374044646, 45.17031046662168, 83.44798526511538, 12.732294917467703, 41.19016932287873, 67.73553197496902, 77.09205953578198, 88.94980744871035, 53.66130811070505, 53.2582409547995, 49.97387140471653, 66.42159081086008, 56.000569606124806, 23.101757264282078, 77.20658393155709, 87.00429158181993, 20.084171826079732, 67.14233874035354, 24.58911094029732, 73.27175128258023, 36.69474675356865, 90.97690489632026, 47.71511910944699, 60.454258748387545, 52.73348053082695, 50.793132560433854, 87.02085165597796, 71.0689204843857, 69.49251920961841, 22.267426951273077, 46.0308796943353, 24.771263207685113, 77.73723747456536, 66.97529479048286, 13.852507314600826, 20.226273254650444, 49.35968686385498, 34.85475964173737, 84.16417891733117, 55.10167376597391, 81.38376266534091, 67.01649971121597, 96.28666601554434, 56.08047796790697, 71.60807346223052, 83.19270512350016, 27.10923591017921], [14.478091053887072, 65.44913224526587, 76.37981405335083, 71.24282216611351, 36.74015525851408, 88.42652914441318, 29.426379246179106, 51.99740733829311, 68.18434022501697, 44.48357702534819, 0.0, 12.468294067060686, 73.7599148880446, 44.79466085498018, 38.41027927307976, 73.52807827469341, 63.58785659362657, 40.56120641636291, 79.26874768271901, 46.040323112218864, 14.644947817247473, 58.3518846584728, 63.83835824452107, 16.10794676019235, 38.76852486070171, 73.0650760128402, 51.78731711252961, 40.61281194717717, 45.02899568785899, 21.147210283356333, 29.726328577775575, 10.328443420585298, 77.71477564097898, 11.9002096844406, 84.20937803808997, 13.65699687324042, 55.11427295640701, 60.0606472077912, 86.10008189772402, 31.113221584150168, 43.19386271667016, 67.8528225252383, 24.25028221699622, 56.098504646773605, 65.91369545404551, 49.597775646531694, 56.088912334454314, 5.249339271098052, 14.868863295030021, 48.77449372691271, 14.6931265496753, 42.83720741182037, 41.45268108707922, 82.48560435683525, 14.454884294833105, 27.569714834245282, 76.87704762194844, 33.00934969234041], [26.523277425020343, 59.73277198242953, 73.30129198467833, 68.76981019235855, 25.01622467032937, 88.33548060125196, 37.94551363961438, 40.000674897688576, 71.07300621457271, 32.875408374044646, 12.468294067060686, 0.0, 61.92078079680202, 52.175714364949386, 28.896075251324536, 61.3519653925524, 57.76427529861129, 46.64006442488586, 75.67961136358895, 40.0923539124488, 21.01578921179952, 49.125124472531674, 57.587622051014264, 23.576464161075545, 26.768313413994907, 67.63722182802218, 57.428820493594515, 28.344094735343493, 44.358627824700754, 8.743352984298923, 40.399820509467276, 4.181581250770698, 75.21485565665628, 15.708582085392141, 73.14848317858655, 24.44956296207264, 46.59327918212983, 62.097196358578486, 76.54445496356286, 38.03145666189011, 31.05319870072013, 56.6961975642289, 17.436844807023697, 55.82088665481845, 59.34660170275828, 39.876278431085304, 43.622328912164896, 16.77775125253265, 13.851319658777006, 54.43891667778971, 26.137418747811154, 50.12253423172015, 42.05941370766614, 80.29033701845681, 26.355400223046413, 40.00347613820183, 72.20466789714366, 27.93678429770453], [85.75528424997539, 49.42596257909732, 68.70110858138356, 69.1161228934897, 47.35985499690109, 92.47636733296419, 87.48435285435517, 39.185678575506124, 92.89453345196091, 45.17031046662168, 73.7599148880446, 61.92078079680202, 0.0, 94.76161835657763, 57.550876140879126, 6.888571885296072, 48.342978551503975, 87.2465786316792, 67.51279403017377, 46.78977943118229, 73.84411735518947, 28.70611626637559, 46.04086377010949, 76.54632391997909, 35.159241106649056, 53.82618242779053, 93.18131557511249, 34.04470268227265, 66.14355745847213, 54.446132694686334, 94.49234574043035, 63.4357066763111, 72.58753228038628, 69.28244154895852, 15.94619914042904, 86.36326687531378, 33.541439036933376, 83.88343777002619, 30.9680894391408, 83.90126957594255, 31.054075033765223, 10.840701400784994, 65.14674916781657, 71.93472496564706, 44.701083348370155, 57.150804990162904, 25.04228967284021, 76.67830173724622, 71.84337161472897, 91.2005344418917, 88.03560563809802, 92.99596447359289, 69.4083493762658, 77.15971327394354, 88.1260205882513, 99.87974056260084, 60.03608024657069, 71.07821127086797], [34.862221678315095, 59.74991557181275, 57.87579261776536, 51.85879637381847, 75.75630709550758, 57.46551413653712, 15.650080460967324, 89.11536899788905, 31.341507981274926, 83.44798526511538, 44.79466085498018, 52.175714364949386, 94.76161835657763, 0.0, 81.07159919174264, 97.63451442763106, 58.88506174819605, 7.522570987056609, 61.97280907851246, 49.26441304690727, 31.286372029395235, 68.52938566635933, 60.66162655869787, 29.034373793405372, 67.30653903927411, 64.12503358236827, 10.42346046935651, 70.6561951312267, 31.577773668922518, 59.236146195377444, 20.958329197121326, 47.99873464790658, 56.82030773115759, 36.46750970787018, 98.5334211843073, 49.30350962915899, 63.48533213522481, 28.2799195831695, 91.99874391184979, 14.144464790803843, 71.6299238607642, 85.15079586127989, 68.39310739189142, 34.3610465639941, 63.308228650965184, 91.99999265497233, 87.2307952890612, 39.857540254865505, 59.66343335538401, 8.662490819966571, 47.52382027570989, 2.066236486902805, 26.786307943167543, 59.526253994675024, 45.49407482924957, 36.62406958259884, 64.14466934738132, 77.75153069105929], [52.6004430234986, 76.78186541957989, 93.92187336890994, 90.48885454214995, 11.577876722704803, 112.35703431687728, 66.67629225304, 20.626621145812848, 98.18385378714767, 12.732294917467703, 38.41027927307976, 28.896075251324536, 57.550876140879126, 81.07159919174264, 0.0, 53.832486700562, 74.78841805319692, 75.43244545870319, 95.3881532033729, 59.04912797301629, 49.872585233558425, 58.98097691517689, 73.7821889611171, 52.348286581112575, 30.670651624158182, 84.60461576361335, 86.05000307368519, 28.63045886653908, 69.57607965676667, 22.73081691111297, 68.11276854940348, 33.07317736781649, 96.59266547240892, 44.60411534782997, 72.5330822665862, 43.94586740068762, 58.92186438640929, 88.79182695561367, 82.09228532377925, 66.9272118612569, 31.498732638389072, 57.50937291727948, 15.047998041920566, 80.75667684803008, 74.70662640760543, 11.188474766383246, 32.812908999386764, 43.62117347678991, 25.93377987853684, 83.08875241910411, 46.47099447921779, 79.017857153083, 68.47153237515128, 101.88934222119106, 47.76716496924953, 63.981687595378176, 90.26910320977078, 14.523270487498442], [86.17965926608552, 55.25972554480095, 74.753000008407, 74.87012908002427, 44.36655205599198, 98.41506540026367, 89.40590819922781, 34.47368809572344, 97.63519206917431, 41.19016932287873, 73.52807827469341, 61.3519653925524, 6.888571885296072, 97.63451442763106, 53.832486700562, 0.0, 54.05634497624961, 90.15945461647881, 73.7413560945434, 50.8174028472871, 74.97035878169095, 33.77578354738831, 51.80510359848448, 77.74770044184237, 34.79482987488763, 60.05527112180483, 96.71437882692709, 33.02173667241406, 70.08035125593467, 53.39262651170438, 95.93506964884732, 63.28610226048775, 78.60288878852418, 70.12904700242679, 22.10050392432318, 85.6306622275386, 38.32735810002685, 88.43430433339871, 37.798804977311214, 86.1612279807684, 30.334921452844988, 16.6522559416537, 62.72722595625221, 76.60201308763591, 50.64121123677287, 52.3426480549542, 21.028570956037775, 76.83357089138987, 70.23007712299491, 94.59308836763901, 87.45432791218035, 95.8020387163779, 72.98498460673169, 83.28431286635357, 87.70499113307513, 100.2711805483632, 66.3276547701557, 67.80213068051269], [68.2129907064574, 2.013252962184426, 21.321791550328705, 20.81378636147944, 63.66374741445954, 44.46841745919016, 59.07499078891129, 67.68118738788277, 46.65193409530176, 67.73553197496902, 63.58785659362657, 57.76427529861129, 48.342978551503975, 58.88506174819605, 74.78841805319692, 54.05634497624961, 0.0, 52.02008023657824, 21.454475376607334, 17.722189822440942, 54.075228751291235, 20.873195209621485, 2.374005486205337, 55.5309119940996, 44.74958263779675, 9.984062898619039, 53.28233895489567, 47.65265202921563, 27.511735751380794, 56.3794270436533, 68.32220110719561, 55.920372254082665, 24.954558700811365, 52.855876455387744, 44.8719078167612, 76.82148047650541, 17.72350529522646, 38.87692071348537, 34.00902333478026, 53.7333105147002, 45.704620769316236, 37.5564753642553, 72.04634773888358, 27.185709826969276, 4.664037498195789, 81.36945485326439, 56.77927018693944, 63.047094975997176, 71.61366813823845, 52.359055683273496, 77.11975858775106, 57.75561819448192, 32.70387050356953, 29.988075667107065, 76.07026167972664, 80.24111928125406, 15.505205438517896, 82.1767210012976], [32.66426725626613, 52.987269002609075, 52.68545542561765, 46.64151304740127, 69.50072731706321, 55.028748522233926, 13.618922411564057, 82.47189820091253, 30.22349549807548, 77.09205953578198, 40.56120641636291, 46.64006442488586, 87.2465786316792, 7.522570987056609, 75.43244545870319, 90.15945461647881, 52.02008023657824, 0.0, 56.687495687058465, 41.80258189144564, 26.29094433307306, 61.050594751808816, 53.71079020084986, 24.459122029626705, 60.20926667684883, 57.77132865253801, 11.246175901181001, 63.607664404716154, 24.54123979240021, 53.20132597321388, 21.688550135832404, 42.46628748058122, 52.02603208691601, 31.043789633210825, 91.06706191308447, 46.93444707970586, 56.01758717118548, 24.961881897688226, 84.81507711177288, 9.612327911083332, 64.46963521097868, 77.62891150646021, 63.38765296785616, 28.76739701471374, 56.36064073868876, 86.20173078844944, 80.09070037770658, 35.96552372131501, 55.320483127400756, 8.255664778955541, 45.46165364804902, 5.908776096853875, 19.552662559098625, 55.20576370148878, 43.509391252001734, 37.33848757239658, 58.24583657984001, 73.12927527870053], [80.75603834206572, 19.673872960929494, 4.177081849901873, 10.115572582492721, 84.51580561327998, 25.89904098642298, 67.3204911765473, 89.11700327856339, 38.977895637192134, 88.94980744871035, 79.26874768271901, 75.67961136358895, 67.51279403017377, 61.97280907851246, 95.3881532033729, 73.7413560945434, 21.454475376607334, 56.687495687058465, 0.0, 36.54516562211048, 67.36660331284135, 41.87113769085629, 23.174593984839866, 68.07698147555044, 65.87314298831491, 13.690045033034156, 53.51635463718682, 68.89904091717735, 35.80087916586622, 75.69930466244809, 76.72349609742511, 73.16251016947973, 7.00634315660863, 67.64124679731155, 60.673994536146886, 91.59138218304595, 39.14292188724843, 35.18777436137541, 45.60811538027433, 61.69407953431146, 67.06488565081125, 57.0945587574649, 91.26599640794127, 27.934126411240985, 23.54450595895266, 102.46842857217274, 78.15083518069943, 77.62068575595245, 89.38089225301277, 53.80208007925263, 91.40154103586957, 61.51482398928349, 40.77267159511188, 9.933803075585384, 90.03085198202326, 90.80451327374571, 7.589291355181953, 101.68616898599353], [51.75231641082243, 19.666100764243254, 34.88122483980595, 31.601122413244408, 48.493279462744496, 54.471975164947516, 45.54030063707062, 55.218395390385886, 47.38988169684792, 53.66130811070505, 46.040323112218864, 40.0923539124488, 46.78977943118229, 49.26441304690727, 59.04912797301629, 50.8174028472871, 17.722189822440942, 41.80258189144564, 36.54516562211048, 0.0, 37.58545958628492, 19.28527768575708, 17.804456963492736, 39.39561663207873, 30.751693682141347, 27.545637295661095, 46.55403459310736, 34.140316523729055, 19.353782359540613, 39.24326101591341, 54.23246482589843, 38.19832434616985, 37.574726484006476, 35.704504368989404, 49.26902009283102, 59.42158833574213, 14.222376056574852, 37.91385285456197, 44.268936637697486, 40.77021750464954, 33.03434808214632, 36.514689903270394, 54.877413474689234, 26.490078465890704, 19.894350997969234, 66.74827455507584, 46.910923005308746, 45.822948242906264, 53.94324300802666, 44.74503172665523, 59.859918065854096, 47.70331726700199, 22.892164386166456, 42.8825255052417, 58.92387835154236, 64.54025567774774, 32.27275873619309, 65.21071689992938], [14.182419779563958, 55.76239939645768, 64.1477881724133, 58.67708651993939, 45.418306289955645, 74.44091245743739, 17.018927397147316, 59.70976167566963, 53.564625858586076, 53.2582409547995, 14.644947817247473, 21.01578921179952, 73.84411735518947, 31.286372029395235, 49.872585233558425, 74.97035878169095, 54.075228751291235, 26.29094433307306, 67.36660331284135, 37.58545958628492, 0.0, 53.41392451734041, 54.772848113033554, 2.867820502952452, 41.03662775467303, 62.87491078815498, 37.42559039664352, 43.83343985965496, 31.97787531661981, 28.682553793611582, 21.192019037911543, 16.878121450952964, 65.06815744927752, 5.556906276784222, 81.8748946905342, 24.513059154590977, 49.292030629218374, 45.592492123849496, 80.78530358120534, 17.19080391219666, 45.65802124729854, 66.18484575497362, 37.179629809778305, 42.51852149282683, 57.125707079611196, 60.890067644196485, 60.49426861974755, 10.954057020107095, 29.128122643450684, 34.40562616907625, 24.083267830896688, 29.25097649363509, 27.79593458203374, 69.58822157367145, 22.665115638264535, 27.306828388064506, 65.90379574648877, 46.83841514055576], [67.08893909179113, 22.379159761632287, 42.14380486533105, 41.50224357186979, 47.423177111395624, 65.28023318424918, 63.86987074763818, 48.52347888360143, 64.19416982288217, 49.97387140471653, 58.3518846584728, 49.125124472531674, 28.70611626637559, 68.52938566635933, 58.98097691517689, 33.77578354738831, 20.873195209621485, 61.050594751808816, 41.87113769085629, 19.28527768575708, 53.41392451734041, 0.0, 18.829014002647806, 55.689521574854915, 28.38688532525268, 28.681788728741733, 65.67261341444947, 30.42277164122312, 38.27371931646719, 44.82967961502968, 72.08351479199573, 48.756312717577096, 45.82230386783307, 50.188304015902006, 30.031827965060298, 71.99006131676454, 5.101624196897304, 55.25019523543697, 27.76346270869536, 59.4395331531269, 27.802099934669226, 17.955947435536462, 59.72851109379073, 43.26551870131227, 18.371342523592606, 63.826155385491234, 36.50028637341775, 59.561173418442415, 62.21225385035085, 63.95824346559621, 72.97423589427211, 66.94236997109314, 42.13902357044886, 50.807805749370125, 72.44553044099469, 80.70941884742706, 35.02674938942304, 68.824460766489], [68.94257343761728, 3.550197075915219, 23.31689302222106, 23.082434175761563, 62.56323748512776, 46.65455143375628, 60.381674097064554, 66.13053831586898, 48.98911700502326, 66.42159081086008, 63.83835824452107, 57.587622051014264, 46.04086377010949, 60.66162655869787, 73.7821889611171, 51.80510359848448, 2.374005486205337, 53.71079020084986, 23.174593984839866, 17.804456963492736, 54.772848113033554, 18.829014002647806, 0.0, 56.32821020197834, 43.536631901910724, 10.832898216126871, 55.28162120565614, 46.34315648655501, 29.17039522119364, 55.847824702105186, 69.5649023656884, 55.90206108474825, 27.024260188281556, 53.32255034230566, 42.50922395203284, 77.17791343982334, 16.002968210248994, 41.138802033124094, 31.888081373994215, 55.10395668847417, 44.29001371459774, 35.27152733946222, 71.49553822559537, 29.382074661800434, 2.649850583149507, 80.11700910000641, 54.976279815478094, 63.4910667646273, 71.41909885204291, 54.28737746645034, 77.55424741743664, 59.48581921138459, 34.28687677393807, 31.979317846013952, 76.55880718362762, 81.18637634379893, 16.799938339362168, 81.52398024598853], [12.787129630913174, 57.16732265780846, 64.7485618887655, 59.16618609516347, 48.15034927430616, 74.14109326778197, 14.369456458346026, 62.51763958137388, 52.549957972212326, 56.000569606124806, 16.10794676019235, 23.576464161075545, 76.54632391997909, 29.034373793405372, 52.348286581112575, 77.74770044184237, 55.5309119940996, 24.459122029626705, 68.07698147555044, 39.39561663207873, 2.867820502952452, 55.689521574854915, 56.32821020197834, 0.0, 43.8858748069473, 64.12030361458076, 35.67983406575373, 46.69566987673353, 32.426616193991094, 31.413188059943334, 18.337799812887873, 19.48414908093502, 65.5009268186374, 8.371224681234999, 84.36823267418684, 24.535932603085385, 51.46638085518681, 44.90050097610623, 82.92332879740535, 15.08866138456144, 48.50545258922435, 68.76910614018074, 39.360604395822314, 42.588522312797295, 58.7303933918899, 63.41100390559726, 63.36088891218179, 11.749728341530219, 30.874244415783014, 32.66660344520637, 23.807084530761003, 27.024715367033828, 27.949628183914164, 69.89927363224164, 22.217312111095296, 25.19303281071104, 66.91898660801722, 48.8027056064398], [51.47547258449774, 46.70320867701322, 64.86767368365051, 62.16986760346326, 19.188816347864325, 85.22297778959297, 56.69737798358497, 24.678548387016136, 75.64166908780076, 23.101757264282078, 38.76852486070171, 26.768313413994907, 35.159241106649056, 67.30653903927411, 30.670651624158182, 34.79482987488763, 44.74958263779675, 60.20926667684883, 65.87314298831491, 30.751693682141347, 41.03662775467303, 28.38688532525268, 43.536631901910724, 43.8858748069473, 0.0, 54.36161284486566, 68.81612945548764, 3.5964325945795115, 45.894917674528244, 19.496877766058333, 62.223490599429844, 28.497943946553765, 67.89353125300497, 35.88001494216864, 47.0981228561119, 51.20472662080992, 28.296318509013197, 65.92533133650916, 53.172729809264055, 54.36165714253448, 4.626914983764312, 30.713748200350825, 32.41209102101685, 55.80333209771807, 44.2661429325072, 36.62385213636542, 19.947040855820088, 42.053531317350256, 37.27940296727206, 66.22057783985471, 52.898689929804306, 65.31443779611526, 46.72983205792179, 73.2007336911271, 53.042602975634054, 65.53114363024919, 60.24296996427697, 40.75471512853612], [76.8901642025376, 7.974375829300965, 15.229353504931408, 17.546817442601384, 73.396021020377, 39.08303742709705, 66.27093661153042, 76.72216818093555, 46.96213594216266, 77.20658393155709, 73.0650760128402, 67.63722182802218, 53.82618242779053, 64.12503358236827, 84.60461576361335, 60.05527112180483, 9.984062898619039, 57.77132865253801, 13.690045033034156, 27.545637295661095, 62.87491078815498, 28.681788728741733, 10.832898216126871, 64.12030361458076, 54.36161284486566, 0.0, 57.255329233324446, 57.138261818354984, 33.96307425822082, 66.36304330336112, 75.66423488822352, 65.6853471415699, 19.18211008386348, 62.06162713168759, 47.51129623424079, 86.13229784002473, 26.563684375558502, 40.72404980978183, 33.55328824706713, 60.759041044410324, 55.02929583010381, 43.4117120530889, 82.03022740153142, 30.319425766143766, 10.383617028444998, 90.92453467024784, 65.16614716590145, 72.25553347861671, 81.48838650314663, 56.81707402752961, 86.31157489865785, 63.244856236836384, 39.291589999948584, 23.401977751530488, 85.17621476017165, 88.3813834088678, 6.377382815321307, 92.15508446110343], [43.612056484561364, 53.85730624176116, 49.35507930867954, 43.45101429427583, 79.56658694357074, 47.17140763363529, 24.26745782698187, 91.93814710563692, 20.92100621562271, 87.00429158181993, 51.78731711252961, 57.428820493594515, 93.18131557511249, 10.42346046935651, 86.05000307368519, 96.71437882692709, 53.28233895489567, 11.246175901181001, 53.51635463718682, 46.55403459310736, 37.42559039664352, 65.67261341444947, 55.28162120565614, 35.67983406575373, 68.81612945548764, 57.255329233324446, 0.0, 72.32209444263235, 27.432832898992814, 63.57886178849785, 31.002652665571258, 53.279477294318454, 47.89529776687809, 41.991631026611486, 95.28798023230716, 57.98057422496183, 60.57105493156034, 18.728374746793353, 87.11214376081259, 20.83541595260876, 72.85030466680267, 83.05661943290879, 74.38371523689543, 26.939252762065763, 57.878545999893724, 96.66982699092812, 88.43524498725915, 47.211694558318655, 66.5146162625289, 3.0199687112108404, 56.41215851963253, 11.270522088955461, 23.774243223617145, 50.16275922425105, 54.42856756667134, 46.781194202162794, 56.48789765856301, 84.24082375359825], [53.74084163634866, 49.58220228381702, 68.00612546915957, 65.44405898090247, 17.052613915400766, 88.6035881857896, 59.75908416557414, 21.153607878474258, 79.23471070635169, 20.084171826079732, 40.61281194717717, 28.344094735343493, 34.04470268227265, 70.6561951312267, 28.63045886653908, 33.02173667241406, 47.65265202921563, 63.607664404716154, 68.89904091717735, 34.140316523729055, 43.83343985965496, 30.42277164122312, 46.34315648655501, 46.69566987673353, 3.5964325945795115, 57.138261818354984, 72.32209444263235, 0.0, 49.48888059530929, 20.452758235313908, 65.02057383430933, 30.480062383174335, 71.09461003363172, 38.564363650111865, 46.86285155118196, 52.6198001227222, 30.812997248569257, 69.51830065485939, 54.09586055148564, 57.581121896883516, 3.1914007507728663, 30.701104012967942, 31.98720759337238, 59.36056389016925, 46.940707384628794, 33.79553699334006, 16.757187057042028, 44.18555434915214, 37.83441168768545, 69.70799827687452, 54.432630739782596, 68.65379845329612, 50.31682217197706, 76.39441988604631, 54.699170207667045, 67.71392997229353, 63.109133293102566, 39.64611759548872], [45.00877370671365, 28.561869193294637, 32.354761974801136, 26.740712893674672, 60.64611782793295, 44.00075356243173, 32.3573040303642, 70.40198940078128, 29.748825978241623, 67.14233874035354, 45.02899568785899, 44.358627824700754, 66.14355745847213, 31.577773668922518, 69.57607965676667, 70.08035125593467, 27.511735751380794, 24.54123979240021, 35.80087916586622, 19.353782359540613, 31.97787531661981, 38.27371931646719, 29.17039522119364, 32.426616193991094, 45.894917674528244, 33.96307425822082, 27.432832898992814, 49.48888059530929, 0.0, 47.24602230878763, 41.78171163891856, 40.9811122889336, 33.099114213941384, 33.13292984220131, 67.86722954361151, 56.463891984295216, 33.175124480262866, 20.03368744970198, 60.439437899025606, 26.81115496801296, 49.23987037232547, 55.82339709061879, 61.51006546322697, 11.463233492329442, 31.820215983633855, 78.9243089618275, 64.28347374193773, 42.63477934772168, 57.09928698418012, 25.888549296521745, 56.04847247535985, 30.336683208418485, 5.328528456078236, 37.62847417438084, 54.567562850077394, 55.170132660939444, 35.505141995824204, 72.13701737334853], [35.26305894575101, 58.38876778539879, 73.73896178272558, 69.72893043851238, 16.737704713429867, 90.66022348575058, 45.69543729172723, 31.39497198241889, 75.49905183204784, 24.58911094029732, 21.147210283356333, 8.743352984298923, 54.446132694686334, 59.236146195377444, 22.73081691111297, 53.39262651170438, 56.3794270436533, 53.20132597321388, 75.69930466244809, 39.24326101591341, 28.682553793611582, 44.82967961502968, 55.847824702105186, 31.413188059943334, 19.496877766058333, 66.36304330336112, 63.57886178849785, 20.452758235313908, 47.24602230878763, 0.0, 48.8235819026872, 12.195292448420574, 76.04323597139292, 23.151977589744714, 66.55366552832068, 32.27692076630366, 43.08749006730267, 66.16474664156485, 71.48848114681371, 45.16381601470207, 23.392071961266304, 50.126274645629834, 15.668790137023016, 58.582476917415626, 57.29408816231422, 33.09648504448073, 35.049755105753434, 25.51414456034881, 17.89288732578369, 60.649976649229295, 34.1987402827897, 57.17023506293756, 45.84678025129976, 81.26208238167278, 34.62688963852608, 48.713351407604264, 71.45079141408294, 25.986960314239415], [16.36636095570356, 69.67320305799834, 72.90424336985008, 66.92044239553154, 65.40753846288807, 76.71698606898502, 9.441593546132623, 80.1989654837413, 51.532706448675114, 73.27175128258023, 29.726328577775575, 40.399820509467276, 94.49234574043035, 20.958329197121326, 68.11276854940348, 95.93506964884732, 68.32220110719561, 21.688550135832404, 76.72349609742511, 54.23246482589843, 21.192019037911543, 72.08351479199573, 69.5649023656884, 18.337799812887873, 62.223490599429844, 75.66423488822352, 31.002652665571258, 65.02057383430933, 41.78171163891856, 48.8235819026872, 0.0, 36.630647580460234, 72.70310375013213, 26.512272331029504, 101.48881483031401, 30.063754066290073, 67.50194811498942, 46.63400011515494, 98.48797499157571, 15.055475161328204, 66.84245027420542, 86.30051439671954, 53.89027667033878, 49.023521649002745, 72.14000866617204, 79.30091682182652, 81.65709096039143, 24.495264872816108, 43.78235457269042, 28.567748869782832, 27.92844031462724, 19.751765653925986, 36.48076415507112, 76.26433999094624, 25.875377488150026, 15.799219655772502, 77.21638314221204, 61.89839000434351], [23.452128083282304, 57.857398375590684, 70.63268699007286, 65.92524187584299, 28.82606456065858, 84.98050848290778, 33.84974580351304, 43.58676029044963, 67.18908899256877, 36.69474675356865, 10.328443420585298, 4.181581250770698, 63.4357066763111, 47.99873464790658, 33.07317736781649, 63.28610226048775, 55.920372254082665, 42.46628748058122, 73.16251016947973, 38.19832434616985, 16.878121450952964, 48.756312717577096, 55.90206108474825, 19.48414908093502, 28.497943946553765, 65.6853471415699, 53.279477294318454, 30.480062383174335, 40.9811122889336, 12.195292448420574, 36.630647580460234, 0.0, 72.39476948910811, 11.53137853099208, 73.97483443924999, 23.509401424101615, 45.848514244832124, 58.31228962769688, 76.40897302113041, 33.854274784399365, 32.96906261238906, 57.58768931592067, 21.36563022116055, 52.420835321065375, 57.789551905846764, 44.033785462326264, 46.33474088095546, 13.761958689020751, 16.300080695551394, 50.285734394247925, 24.85443259092718, 45.944687238179206, 38.42212478579166, 77.40314474486959, 24.75632603409138, 37.27746031248189, 70.01174858399335, 31.727816253572783], [77.98238922059552, 23.487320383183192, 3.952764832668073, 6.483139840941579, 86.05367966397215, 19.94530474030576, 63.402639723937, 91.75731891849868, 32.276423649986505, 90.97690489632026, 77.71477564097898, 75.21485565665628, 72.58753228038628, 56.82030773115759, 96.59266547240892, 78.60288878852418, 24.954558700811365, 52.02603208691601, 7.00634315660863, 37.574726484006476, 65.06815744927752, 45.82230386783307, 27.024260188281556, 65.5009268186374, 67.89353125300497, 19.18211008386348, 47.89529776687809, 71.09461003363172, 33.099114213941384, 76.04323597139292, 72.70310375013213, 72.39476948910811, 0.0, 65.90069879904735, 66.67870985760202, 89.52539085013998, 42.51388703382898, 29.27678618366652, 52.135692011867505, 57.8066631543774, 69.51825284608172, 61.970847332841814, 91.40477466641342, 23.70392099837816, 27.96650718257646, 104.25122472325384, 81.51251014131843, 75.63774291886912, 88.6933497970316, 48.43675384688018, 89.14539753653928, 56.528414806973444, 37.66453505230502, 5.313716175134825, 87.66536711838046, 87.26518071311476, 13.871011692558893, 101.95330969215819], [16.960835771071675, 54.64432404174968, 64.65741512223352, 59.438432596830275, 39.88183796396751, 76.58507464313, 22.545131169522545, 54.155322437064896, 56.993664505629305, 47.71511910944699, 11.9002096844406, 15.708582085392141, 69.28244154895852, 36.46750970787018, 44.60411534782997, 70.12904700242679, 52.855876455387744, 31.043789633210825, 67.64124679731155, 35.704504368989404, 5.556906276784222, 50.188304015902006, 53.32255034230566, 8.371224681234999, 35.88001494216864, 62.06162713168759, 41.991631026611486, 38.564363650111865, 33.13292984220131, 23.151977589744714, 26.512272331029504, 11.53137853099208, 65.90069879904735, 0.0, 77.95475155265605, 24.103742450452526, 46.3634500053953, 48.55886296303747, 77.82336188767506, 22.32309701680223, 40.50691775622408, 62.02194541208034, 32.392543993050154, 44.208428244732644, 55.54638895826437, 55.55431682222465, 55.15477266067522, 10.197572087499458, 25.203796239849474, 38.981620589991074, 24.26793544202807, 34.413970318267644, 29.591962670833734, 70.6316400468809, 23.23690989066306, 30.89628678332958, 65.56284531902722, 42.36957658183088], [94.86442479717687, 45.34367886963627, 62.72849820076569, 64.49366982719388, 61.831378485891264, 86.49768871621774, 93.59021349321783, 54.914127898618624, 91.4398995881756, 60.454258748387545, 